intento: 2 tiempo: 0.028 [0.0221124596978047 0.00264893634525552 0.00246297655233928 0.00138458303928473 0.00233773035247276 0.0023266343658179 0.0021345969948573 0.00246669608143882 0.0022126513563757 0.00243188771548722;0.00264893634525552 0.0217580124014352 0.00225227210626682 0.00147738223325996 0.00245028783210816 0.00213924926631473 0.00175530731139355 0.00245746516322923 0.00183415383075435 0.00193855738256494;0.00246297655233928 0.00225227210626682 0.0229488460771872 0.00193253618741687 0.00265726482977308 0.00314444394023304 0.00283960101707689 0.00260514160019552 0.00262266261272551 0.0028325938910218;0.00138458303928473 0.00147738223325996 0.00193253618741687 0.0214249932621905 0.00162558439500935 0.001917323051741 0.00154368726130529 0.00140694269861568 0.00230518059306049 0.00155908561625936;0.00233773035247276 0.00245028783210816 0.00265726482977308 0.00162558439500935 0.0222753974627311 0.0026724519799817 0.00220551901207418 0.00232345300653301 0.00178099808615443 0.00197044356743283;0.0023266343658179 0.00213924926631473 0.00314444394023304 0.001917323051741 0.0026724519799817 0.0216432595068918 0.00185326509255225 0.00232755075552616 0.00224277748139696 0.00199286259932411;0.0021345969948573 0.00175530731139355 0.00283960101707689 0.00154368726130529 0.00220551901207418 0.00185326509255225 0.0225498148579965 0.00213766171112412 0.00162711541052655 0.00197986920906201;0.00246669608143882 0.00245746516322923 0.00260514160019552 0.00140694269861568 0.00232345300653301 0.00232755075552616 0.00213766171112412 0.021416025041156 0.00208994110149234 0.00254840048189393;0.0022126513563757 0.00183415383075435 0.00262266261272551 0.00230518059306049 0.00178099808615443 0.00224277748139696 0.00162711541052655 0.00208994110149234 0.0224272193790157 0.00255778498699479;0.00243188771548722 0.00193855738256494 0.0028325938910218 0.00155908561625936 0.00197044356743283 0.00199286259932411 0.00197986920906201 0.00254840048189393 0.00255778498699479 0.0217524085029343]intento: 4 tiempo: 0.027 [0.0214287677997141 0.00203403889630381 0.00291159293999632 0.00213298671755546 0.00185488672003114 0.00248980067082404 0.00178663580293407 0.00246797582016432 0.00228939078761166 0.00240660950824955;0.00203403889630381 0.022555279715945 0.00180207412376542 0.00239383520601653 0.00260962245938175 0.00222876754808203 0.00203237247160535 0.00211168229192375 0.00260569740366982 0.00226019826365805;0.00291159293999632 0.00180207412376542 0.0227961681907487 0.00224214271532418 0.00232958416540796 0.00228319202829413 0.00191404917315293 0.00229124717651001 0.00196851408387234 0.00182106107418143;0.00213298671755546 0.00239383520601653 0.00224214271532418 0.0221152031946057 0.00157935968156723 0.00215055868923091 0.00238398062447091 0.00238574513130976 0.00246097649570731 0.00240415741720105;0.00185488672003114 0.00260962245938175 0.00232958416540796 0.00157935968156723 0.0217544447070556 0.00212160090941239 0.00230293563802792 0.00221196900582493 0.002179472457309 0.00213188557847818;0.00248980067082404 0.00222876754808203 0.00228319202829413 0.00215055868923091 0.00212160090941239 0.0224520498960332 0.00265630134901742 0.0022874041520646 0.00218065664272433 0.00253423209735138;0.00178663580293407 0.00203237247160535 0.00191404917315293 0.00238398062447091 0.00230293563802792 0.00265630134901742 0.0219940020284684 0.00213622702564845 0.0021986267857354 0.00207206499942456;0.00246797582016432 0.00211168229192375 0.00229124717651001 0.00238574513130976 0.00221196900582493 0.0022874041520646 0.00213622702564845 0.0218289056925387 0.00243556845138437 0.0021421316112075;0.00228939078761166 0.00260569740366982 0.00196851408387234 0.00246097649570731 0.002179472457309 0.00218065664272433 0.0021986267857354 0.00243556845138437 0.0221004770685548 0.00270115544055118;0.00240660950824955 0.00226019826365805 0.00182106107418143 0.00240415741720105 0.00213188557847818 0.00253423209735138 0.00207206499942456 0.0021421316112075 0.00270115544055118 0.022249552837684]intento: 6 tiempo: 0.028 [0.0215691202747369 0.00215079837836937 0.00252403013812027 0.00239008258664858 0.00255841765968663 0.00274265667613608 0.00246383089889014 0.00259938758528485 0.00270318332840715 0.0021451251532356;0.00215079837836937 0.0214516238658916 0.00176151259032523 0.00136853745887237 0.00179646846450373 0.00240556041373719 0.0016190460645671 0.0021461938862354 0.00198532729143901 0.00189015900610408;0.00252403013812027 0.00176151259032523 0.0217292613436772 0.00238797861881792 0.00198997438259202 0.0027703141027603 0.00238346543676051 0.0019541380204401 0.00193052332549409 0.00198154771155083;0.00239008258664858 0.00136853745887237 0.00238797861881792 0.0221968210364999 0.00228908757156314 0.00197440876895623 0.00206305807083457 0.00259183545999849 0.0019439570492322 0.00150183800973329;0.00255841765968663 0.00179646846450373 0.00198997438259202 0.00228908757156314 0.0214780246423478 0.0025654958019596 0.00234054905766175 0.00231499370921293 0.00213186809092884 0.0022886890033987;0.00274265667613608 0.00240556041373719 0.0027703141027603 0.00197440876895623 0.0025654958019596 0.02104822598251 0.00240735758595699 0.00213193609203198 0.00181925201266819 0.00219281209656709;0.00246383089889014 0.0016190460645671 0.00238346543676051 0.00206305807083457 0.00234054905766175 0.00240735758595699 0.0217055931757636 0.00208729791623083 0.00177711273843955 0.00182890538532041;0.00259938758528485 0.0021461938862354 0.0019541380204401 0.00259183545999849 0.00231499370921293 0.00213193609203198 0.00208729791623083 0.0214959094468984 0.00170024636044089 0.00194105091531744;0.00270318332840715 0.00198532729143901 0.00193052332549409 0.0019439570492322 0.00213186809092884 0.00181925201266819 0.00177711273843955 0.00170024636044089 0.021491775430956 0.00176139378530019;0.0021451251532356 0.00189015900610408 0.00198154771155083 0.00150183800973329 0.0022886890033987 0.00219281209656709 0.00182890538532041 0.00194105091531744 0.00176139378530019 0.0211394774194171]intento: 8 tiempo: 0.03 [0.0205644236361114 0.00210030429358591 0.00182667929235303 0.0020089209579139 0.00181248907618763 0.001618220155241 0.00189436116262861 0.001986521977177 0.00243880859552552 0.0019884266040462;0.00210030429358591 0.022080770375277 0.00191634319677481 0.00238483710213121 0.00197592643337648 0.00208379116321565 0.0014487131227476 0.00242265705465933 0.0021540831702713 0.00245949234757847;0.00182667929235303 0.00191634319677481 0.0215909009959612 0.00250377255111895 0.00152660057319193 0.0023450038365652 0.0019711725757728 0.00245404413504524 0.00269994569775181 0.00215928272874015;0.0020089209579139 0.00238483710213121 0.00250377255111895 0.0214459840301683 0.00184712973583197 0.00261353262975846 0.00184783313664201 0.00230077966742072 0.00252947481951826 0.00225891395136633;0.00181248907618763 0.00197592643337648 0.00152660057319193 0.00184712973583197 0.0206797367916462 0.00194647782379486 0.00111253301258204 0.00255849984387903 0.0016873713883983 0.00167751899672969;0.001618220155241 0.00208379116321565 0.0023450038365652 0.00261353262975846 0.00194647782379486 0.0218909589999317 0.00145050813702822 0.00219024979750787 0.00258003308332631 0.00257934827668712;0.00189436116262861 0.0014487131227476 0.0019711725757728 0.00184783313664201 0.00111253301258204 0.00145050813702822 0.0205172027866446 0.00238475269394927 0.00253493528144449 0.00180092924328017;0.001986521977177 0.00242265705465933 0.00245404413504524 0.00230077966742072 0.00255849984387903 0.00219024979750787 0.00238475269394927 0.0220194725194486 0.00209536378014145 0.00222834294761943;0.00243880859552552 0.0021540831702713 0.00269994569775181 0.00252947481951826 0.0016873713883983 0.00258003308332631 0.00253493528144449 0.00209536378014145 0.0225442470476565 0.00190162781811155;0.0019884266040462 0.00245949234757847 0.00215928272874015 0.00225891395136633 0.00167751899672969 0.00257934827668712 0.00180092924328017 0.00222834294761943 0.00190162781811155 0.0211517997232523]intento: 10 tiempo: 0.025 [0.0217672766882336 0.00202059550989802 0.0022829642558147 0.00165494718118648 0.00268522038894334 0.00210136308476414 0.0021117392316537 0.0019595835430913 0.00244283738129778 0.00231447461326669;0.00202059550989802 0.0224420781885897 0.0025695880682821 0.00182152194113329 0.00199771462758951 0.00225808384000464 0.00249384609836851 0.0020532838690392 0.00284749797582927 0.00216495112603105;0.0022829642558147 0.0025695880682821 0.0233254779811728 0.00229669818315364 0.00223350162521484 0.00223070810960193 0.00215461344167118 0.00293597224456958 0.00285376794065926 0.00306666270922494;0.00165494718118648 0.00182152194113329 0.00229669818315364 0.0222624352371322 0.00237787153836868 0.00197941551342084 0.00242660768384891 0.00243795824806032 0.00185827280750331 0.00233719890206759;0.00268522038894334 0.00199771462758951 0.00223350162521484 0.00237787153836868 0.021645655965031 0.00233648714924196 0.00202599549748068 0.00200841461217904 0.00202664786203228 0.00178435439178407;0.00210136308476414 0.00225808384000464 0.00223070810960193 0.00197941551342084 0.00233648714924196 0.0215673248170267 0.00176058279783274 0.00221138245802552 0.00229449175572119 0.00198458795050174;0.0021117392316537 0.00249384609836851 0.00215461344167118 0.00242660768384891 0.00202599549748068 0.00176058279783274 0.0218675554737005 0.00233999643002502 0.0030287476157742 0.00209041802997029;0.0019595835430913 0.0020532838690392 0.00293597224456958 0.00243795824806032 0.00200841461217904 0.00221138245802552 0.00233999643002502 0.0230403469195729 0.00260231479364008 0.00247801232092794;0.00244283738129778 0.00284749797582927 0.00285376794065926 0.00185827280750331 0.00202664786203228 0.00229449175572119 0.0030287476157742 0.00260231479364008 0.0235468613242544 0.00212318586682666;0.00231447461326669 0.00216495112603105 0.00306666270922494 0.00233719890206759 0.00178435439178407 0.00198458795050174 0.00209041802997029 0.00247801232092794 0.00212318586682666 0.0226862784554767]intento: 12 tiempo: 0.031 [0.0220500858939132 0.00196509829884393 0.00185083786388345 0.00157997024854595 0.00226371190838593 0.00271557896036459 0.00221894544056835 0.00256496829088874 0.00174722716336634 0.00247289199805841;0.00196509829884393 0.0208565720701056 0.00114191886818675 0.00123973594499972 0.00171408103766816 0.0023497867732211 0.00195439770054142 0.00266617938683945 0.00183465507586409 0.00185385621556944;0.00185083786388345 0.00114191886818675 0.0221904811354905 0.00159838272185188 0.00251024834457071 0.00207406111779386 0.002356566053382 0.0020099835720414 0.00201610472709208 0.00222328412907475;0.00157997024854595 0.00123973594499972 0.00159838272185188 0.0217940817695774 0.00239351371373691 0.00151656261871221 0.00201681157661195 0.00245001387793513 0.00240763323234984 0.00178143292079747;0.00226371190838593 0.00171408103766816 0.00251024834457071 0.00239351371373691 0.0224670849562829 0.0020903563348317 0.00214075136014039 0.0018716286105642 0.00235624557404845 0.00263339074584323;0.00271557896036459 0.0023497867732211 0.00207406111779386 0.00151656261871221 0.0020903563348317 0.0226452068158996 0.00196015361084405 0.00265597926481036 0.00187111856591084 0.0028008874238979;0.00221894544056835 0.00195439770054142 0.002356566053382 0.00201681157661195 0.00214075136014039 0.00196015361084405 0.0225475750108191 0.00220766834507291 0.00238440568925906 0.0027511167359342;0.00256496829088874 0.00266617938683945 0.0020099835720414 0.00245001387793513 0.0018716286105642 0.00265597926481036 0.00220766834507291 0.023023870025081 0.00311509152537443 0.00229413299877815;0.00174722716336634 0.00183465507586409 0.00201610472709208 0.00240763323234984 0.00235624557404845 0.00187111856591084 0.00238440568925906 0.00311509152537443 0.0219647806946821 0.0023917685585165;0.00247289199805841 0.00185385621556944 0.00222328412907475 0.00178143292079747 0.00263339074584323 0.0028008874238979 0.0027511167359342 0.00229413299877815 0.0023917685585165 0.0222048091068953]intento: 14 tiempo: 0.027 [0.0221621980364017 0.00246838729028718 0.00212168306942026 0.0019066682915534 0.00157967923489136 0.00197951092079559 0.00203859259934331 0.00165827008483122 0.00216992960293594 0.00262290863084405;0.00246838729028718 0.0214254565195232 0.00291134665564294 0.0021082696624319 0.00223791796190143 0.00240595526717393 0.00182319568215059 0.00227179603291937 0.00241683982106517 0.00263931060752936;0.00212168306942026 0.00291134665564294 0.0217560255768086 0.00255281553286394 0.00209272281458977 0.00276894300887486 0.0026496199920277 0.0027782831365019 0.00245247208869313 0.00320273795668585;0.0019066682915534 0.0021082696624319 0.00255281553286394 0.0217643700465182 0.00177401961636955 0.00231442480742502 0.00177089896259351 0.00191097976261521 0.001871664085558 0.00237261489288734;0.00157967923489136 0.00223791796190143 0.00209272281458977 0.00177401961636955 0.0211742161177152 0.00227474335959806 0.00174550597572046 0.00215044984682918 0.00222659174840773 0.00215556154271959;0.00197951092079559 0.00240595526717393 0.00276894300887486 0.00231442480742502 0.00227474335959806 0.022553040027491 0.00199163738101076 0.00212820369424434 0.00233229734413928 0.00264966948971303;0.00203859259934331 0.00182319568215059 0.0026496199920277 0.00177089896259351 0.00174550597572046 0.00199163738101076 0.0214664013214366 0.0020094283615479 0.00152567179711618 0.00243218697044101;0.00165827008483122 0.00227179603291937 0.0027782831365019 0.00191097976261521 0.00215044984682918 0.00212820369424434 0.0020094283615479 0.0216081863352436 0.00223448718676527 0.00227388412294895;0.00216992960293594 0.00241683982106517 0.00245247208869313 0.001871664085558 0.00222659174840773 0.00233229734413928 0.00152567179711618 0.00223448718676527 0.0222042961404717 0.00237465071087541;0.00262290863084405 0.00263931060752936 0.00320273795668585 0.00237261489288734 0.00215556154271959 0.00264966948971303 0.00243218697044101 0.00227388412294895 0.00237465071087541 0.0225080689217552]intento: 16 tiempo: 0.029 [0.0229828900930159 0.00207417045348828 0.00312746860972573 0.00192359995079866 0.00236717523684127 0.00248036981468013 0.00291207171366223 0.00260869488930156 0.00226816348766422 0.0026108542177958;0.00207417045348828 0.0209117067746137 0.00192052232444192 0.00161772393618568 0.00174321918965079 0.00192230806116021 0.00180979888615867 0.00196385210586597 0.00164425573778689 0.0020785244520731;0.00312746860972573 0.00192052232444192 0.022793221928372 0.00204185128124578 0.00278022568047549 0.00227962505883732 0.00312011756169355 0.00270418888695119 0.00167520812637231 0.00261841855422374;0.00192359995079866 0.00161772393618568 0.00204185128124578 0.0219922439468621 0.00179237557394304 0.00243077499090911 0.00199287886974292 0.0025392712971193 0.00211979053272165 0.00181788644360253;0.00236717523684127 0.00174321918965079 0.00278022568047549 0.00179237557394304 0.0210481463699762 0.00192750091577106 0.00209575813457638 0.00237802691773717 0.00150583607432943 0.00207112315799666;0.00248036981468013 0.00192230806116021 0.00227962505883732 0.00243077499090911 0.00192750091577106 0.021867628929327 0.00219675996065531 0.00264637001389125 0.00188724549295947 0.00195402542244856;0.00291207171366223 0.00180979888615867 0.00312011756169355 0.00199287886974292 0.00209575813457638 0.00219675996065531 0.0224690032849124 0.00251352891485589 0.00282601233339141 0.00187950098694896;0.00260869488930156 0.00196385210586597 0.00270418888695119 0.0025392712971193 0.00237802691773717 0.00264637001389125 0.00251352891485589 0.0228613096195552 0.00163782425183669 0.00239267423451534;0.00226816348766422 0.00164425573778689 0.00167520812637231 0.00211979053272165 0.00150583607432943 0.00188724549295947 0.00282601233339141 0.00163782425183669 0.0224634126464181 0.00192181888678045;0.0026108542177958 0.0020785244520731 0.00261841855422374 0.00181788644360253 0.00207112315799666 0.00195402542244856 0.00187950098694896 0.00239267423451534 0.00192181888678045 0.0212232309701343]intento: 18 tiempo: 0.035 [0.0226510718576694 0.00267988716912521 0.00226850912614641 0.00193853715320005 0.00252961338706563 0.00194657431451152 0.00239261025778018 0.00231968991795578 0.0024921509466071 0.00228180467922877;0.00267988716912521 0.0224234721818573 0.0025521357363184 0.00239827204654913 0.00216987836776565 0.00195796066814434 0.00249538245904775 0.00225073946281103 0.00202237848845537 0.00263595844264629;0.00226850912614641 0.0025521357363184 0.021591750641319 0.00173715077028691 0.00228274506654768 0.00216277407792462 0.00209333164832812 0.0024371509138521 0.00201739164952435 0.0018640855803961;0.00193853715320005 0.00239827204654913 0.00173715077028691 0.0215547886545573 0.00168880090993915 0.00247151197536486 0.00191069667885308 0.00206137198880266 0.00153460814593986 0.00143416509398378;0.00252961338706563 0.00216987836776565 0.00228274506654768 0.00168880090993915 0.022329809975089 0.00247585001213143 0.00225308816579012 0.00221367963244721 0.00285403552657238 0.00225133918813093;0.00194657431451152 0.00195796066814434 0.00216277407792462 0.00247151197536486 0.00247585001213143 0.0223866134899117 0.00259551669302257 0.00184271416729569 0.00221278239107297 0.00224365890159652;0.00239261025778018 0.00249538245904775 0.00209333164832812 0.00191069667885308 0.00225308816579012 0.00259551669302257 0.0222134620282537 0.00206905931894053 0.00210670227737505 0.00247291426146718;0.00231968991795578 0.00225073946281103 0.0024371509138521 0.00206137198880266 0.00221367963244721 0.00184271416729569 0.00206905931894053 0.021383740363543 0.00227618852708799 0.00184444266638334;0.0024921509466071 0.00202237848845537 0.00201739164952435 0.00153460814593986 0.00285403552657238 0.00221278239107297 0.00210670227737505 0.00227618852708799 0.0216737152358881 0.00234562936312663;0.00228180467922877 0.00263595844264629 0.0018640855803961 0.00143416509398378 0.00225133918813093 0.00224365890159652 0.00247291426146718 0.00184444266638334 0.00234562936312663 0.0225046608618697]intento: 20 tiempo: 0.031 [0.0201379765076127 0.00234711053106675 0.00155185351162979 0.00211817829363506 0.00194973193385649 0.00180981329612064 0.00162255969319121 0.00180570062678623 0.00197739419058939 0.00168792553511714;0.00234711053106675 0.0209477759821186 0.00187397840358883 0.00249913155058382 0.00227078076877245 0.00223981303455807 0.00195679298638914 0.00231527509496819 0.00272382661765532 0.00238010684171945;0.00155185351162979 0.00187397840358883 0.0205286011985918 0.00236520856377449 0.00220750590437008 0.00132360206527008 0.00192736606567738 0.00135290125666419 0.00220559794747182 0.0018657812799462;0.00211817829363506 0.00249913155058382 0.00236520856377449 0.0207541141085745 0.0022921283885519 0.00251662764952253 0.00211686575414853 0.00210151745287907 0.00237670383907599 0.00226262529489316;0.00194973193385649 0.00227078076877245 0.00220750590437008 0.0022921283885519 0.0213884849938269 0.00200960270560248 0.00195538911163745 0.00156920071088954 0.00275442662228521 0.00266297866532148;0.00180981329612064 0.00223981303455807 0.00132360206527008 0.00251662764952253 0.00200960270560248 0.0209618209319986 0.00188158854506562 0.00205871262218103 0.00202966550308761 0.00209519661125091;0.00162255969319121 0.00195679298638914 0.00192736606567738 0.00211686575414853 0.00195538911163745 0.00188158854506562 0.0209991837253341 0.00133488865200866 0.00210280521268555 0.00230242255027757;0.00180570062678623 0.00231527509496819 0.00135290125666419 0.00210151745287907 0.00156920071088954 0.00205871262218103 0.00133488865200866 0.0203937673789304 0.00162940085029385 0.00187561929611314;0.00197739419058939 0.00272382661765532 0.00220559794747182 0.00237670383907599 0.00275442662228521 0.00202966550308761 0.00210280521268555 0.00162940085029385 0.0214147507656663 0.00278787405326164;0.00168792553511714 0.00238010684171945 0.0018657812799462 0.00226262529489316 0.00266297866532148 0.00209519661125091 0.00230242255027757 0.00187561929611314 0.00278787405326164 0.0207832995140143]intento: 22 tiempo: 0.025 [0.0228990617440204 0.0028501782320751 0.00202750234408868 0.00284257133079781 0.00275695954482251 0.00261073529603909 0.00323323999553652 0.00246792874248486 0.00287249709932337 0.00288336074323653;0.0028501782320751 0.0222225978337819 0.00215068720011025 0.00210429099497659 0.00170461128876225 0.00175861402736843 0.00218216031816694 0.00214458942939791 0.0024097729464462 0.00192556812172091;0.00202750234408868 0.00215068720011025 0.0220247642453063 0.00247415349719162 0.00171820324431115 0.00117311176679909 0.00230141068894682 0.00179234240826593 0.00190436609080276 0.00237564037086584;0.00284257133079781 0.00210429099497659 0.00247415349719162 0.0222743513953682 0.00235544046717578 0.00240749472390052 0.00287134217379512 0.0020782467987326 0.00194747843095843 0.00261276940835598;0.00275695954482251 0.00170461128876225 0.00171820324431115 0.00235544046717578 0.0224114913750176 0.00240683954837571 0.00202536941661173 0.00133315434466835 0.00165492862334494 0.00193487234980028;0.00261073529603909 0.00175861402736843 0.00117311176679909 0.00240749472390052 0.00240683954837571 0.0218218431293319 0.00206067680064228 0.00132131558048026 0.00254470619738741 0.00213114009418071;0.00323323999553652 0.00218216031816694 0.00230141068894682 0.00287134217379512 0.00202536941661173 0.00206067680064228 0.0231143867361496 0.00222135627175777 0.00298099374975197 0.00250352596696851;0.00246792874248486 0.00214458942939791 0.00179234240826593 0.0020782467987326 0.00133315434466835 0.00132131558048026 0.00222135627175777 0.021446186651969 0.00195521621001276 0.00201326061776758;0.00287249709932337 0.0024097729464462 0.00190436609080276 0.00194747843095843 0.00165492862334494 0.00254470619738741 0.00298099374975197 0.00195521621001276 0.0223175331081022 0.00258856374883202;0.00288336074323653 0.00192556812172091 0.00237564037086584 0.00261276940835598 0.00193487234980028 0.00213114009418071 0.00250352596696851 0.00201326061776758 0.00258856374883202 0.0222346918655156]intento: 24 tiempo: 0.027 [0.0220395022174968 0.00250180619788511 0.00186365323450898 0.00258399688406473 0.0020086959940117 0.00237327633983158 0.00224470696597331 0.00250931927392118 0.00144632042916942 0.00244137813269337;0.00250180619788511 0.0216733293550531 0.00194795659391971 0.00204614550684564 0.0018349081271962 0.00244013785599789 0.00185033430505933 0.00223478912451266 0.00214995994794854 0.00139472486900984;0.00186365323450898 0.00194795659391971 0.0222577277512259 0.00226585597896561 0.00168938877320732 0.00295957890324758 0.00174331927894895 0.00192253599958293 0.00216925946238139 0.0019928232945725;0.00258399688406473 0.00204614550684564 0.00226585597896561 0.0223776101488534 0.0027386526366703 0.00252323791882776 0.00223473085159723 0.00309390847482187 0.00238937569070781 0.00233734498411152;0.0020086959940117 0.0018349081271962 0.00168938877320732 0.0027386526366703 0.022476136852835 0.00218422387967152 0.00214126946921215 0.00316078050555899 0.002126376521304 0.00160787143195966;0.00237327633983158 0.00244013785599789 0.00295957890324758 0.00252323791882776 0.00218422387967152 0.0230350714378398 0.00237322154163008 0.00282405018715641 0.00247638057761104 0.00236420984132898;0.00224470696597331 0.00185033430505933 0.00174331927894895 0.00223473085159723 0.00214126946921215 0.00237322154163008 0.021540908260556 0.00217887230552229 0.00196400919158045 0.00189967752111763;0.00250931927392118 0.00223478912451266 0.00192253599958293 0.00309390847482187 0.00316078050555899 0.00282405018715641 0.00217887230552229 0.0230254454271578 0.00255771966002061 0.00224615284400309;0.00144632042916942 0.00214995994794854 0.00216925946238139 0.00238937569070781 0.002126376521304 0.00247638057761104 0.00196400919158045 0.00255771966002061 0.0219416422103302 0.00175344382234717;0.00244137813269337 0.00139472486900984 0.0019928232945725 0.00233734498411152 0.00160787143195966 0.00236420984132898 0.00189967752111763 0.00224615284400309 0.00175344382234717 0.0227907247259336]intento: 26 tiempo: 0.032 [0.0213653068348573 0.0016677488205444 0.00158565520450571 0.00175377292061089 0.00193966331141385 0.00178852782753029 0.00187935872996889 0.0020828459551714 0.00144217572092697 0.00141343581675264;0.0016677488205444 0.0225027105009876 0.00252430951574687 0.00261781385768296 0.00170085301391649 0.00231006049084367 0.00278206562453225 0.00226280845811527 0.00246831422659788 0.00198058964183218;0.00158565520450571 0.00252430951574687 0.022402264072475 0.00283444343315451 0.00217490052962292 0.00236971590166217 0.00194257478761475 0.00290938579021458 0.00215197372575622 0.00192707916318014;0.00175377292061089 0.00261781385768296 0.00283444343315451 0.0220240419715847 0.00247643820959818 0.00263469439951402 0.00197200679707632 0.00272086764535369 0.00245336706004462 0.00256679108260281;0.00193966331141385 0.00170085301391649 0.00217490052962292 0.00247643820959818 0.0219608577054744 0.00197856403351175 0.00167863516011942 0.00190696821575068 0.00183553426547095 0.0017580952376275;0.00178852782753029 0.00231006049084367 0.00236971590166217 0.00263469439951402 0.00197856403351175 0.0214151790442005 0.00193466398490558 0.00257554714916139 0.00203037758096044 0.00217626556882358;0.00187935872996889 0.00278206562453225 0.00194257478761475 0.00197200679707632 0.00167863516011942 0.00193466398490558 0.0218994144652791 0.00234350895492689 0.00214837774160732 0.00149085154352646;0.0020828459551714 0.00226280845811527 0.00290938579021458 0.00272086764535369 0.00190696821575068 0.00257554714916139 0.00234350895492689 0.0223129740717737 0.00253605402382794 0.00196018477309911;0.00144217572092697 0.00246831422659788 0.00215197372575622 0.00245336706004462 0.00183553426547095 0.00203037758096044 0.00214837774160732 0.00253605402382794 0.0215575252223033 0.00174316779566709;0.00141343581675264 0.00198058964183218 0.00192707916318014 0.00256679108260281 0.0017580952376275 0.00217626556882358 0.00149085154352646 0.00196018477309911 0.00174316779566709 0.0220164126269015]intento: 28 tiempo: 0.027 [0.0206471888952798 0.00217921660099718 0.00222912303832004 0.00193952086727289 0.00226923530205463 0.00197907950718559 0.00177856736579414 0.00235700217479615 0.00139964213623234 0.00148894103977748;0.00217921660099718 0.0207295008471678 0.00197687915685107 0.00207958947675915 0.00211779821053992 0.00177851280373014 0.00219046639274923 0.00287985664834382 0.00182729339582872 0.00174933017035381;0.00222912303832004 0.00197687915685107 0.0204315902511118 0.0019187590984152 0.00152384846876832 0.0021144479104103 0.00192067895879459 0.00255097209812675 0.0011579286926518 0.00158166287430941;0.00193952086727289 0.00207958947675915 0.0019187590984152 0.0211694442424985 0.00224725118532839 0.00170165723598054 0.00210306534072054 0.00216080841532368 0.00205940205391746 0.00219999761648144;0.00226923530205463 0.00211779821053992 0.00152384846876832 0.00224725118532839 0.0210070528481849 0.00188689392054523 0.00189747992985967 0.00193494507449959 0.00166512518829754 0.00212543387457753;0.00197907950718559 0.00177851280373014 0.0021144479104103 0.00170165723598054 0.00188689392054523 0.0202786616180786 0.00170353756303816 0.00168896626224471 0.00175555012110018 0.0017609156187346;0.00177856736579414 0.00219046639274923 0.00192067895879459 0.00210306534072054 0.00189747992985967 0.00170353756303816 0.020842057900182 0.00232126308414411 0.00203597798013568 0.00225975582044647;0.00235700217479615 0.00287985664834382 0.00255097209812675 0.00216080841532368 0.00193494507449959 0.00168896626224471 0.00232126308414411 0.0211883603683701 0.00199620661461915 0.00225048238268076;0.00139964213623234 0.00182729339582872 0.0011579286926518 0.00205940205391746 0.00166512518829754 0.00175555012110018 0.00203597798013568 0.00199620661461915 0.0203619123882983 0.00174371592711078;0.00148894103977748 0.00174933017035381 0.00158166287430941 0.00219999761648144 0.00212543387457753 0.0017609156187346 0.00225975582044647 0.00225048238268076 0.00174371592711078 0.0209742427642531]intento: 30 tiempo: 0.032 [0.0222111401295508 0.00247673271993249 0.00231256294203163 0.00204085513323183 0.00235051634562179 0.00186621768315632 0.00227163707175241 0.00222928680135656 0.00194372962460134 0.00273281583948891;0.00247673271993249 0.021095579344945 0.00219345931553013 0.00151093927774184 0.00243973015865457 0.00254403998046159 0.00198294953307775 0.00184420631937065 0.0020892175872922 0.00270802513768456;0.00231256294203163 0.00219345931553013 0.0212795681550017 0.0018622125752621 0.00161157608824806 0.00180639483699232 0.00203457230701932 0.00176773506129127 0.00186604757945018 0.00268402953243244;0.00204085513323183 0.00151093927774184 0.0018622125752621 0.0206247067073351 0.00218789441344894 0.0019909119485199 0.00156341026086056 0.0022057637152998 0.0021671848473082 0.00238729092612693;0.00235051634562179 0.00243973015865457 0.00161157608824806 0.00218789441344894 0.0211598592788205 0.00233058267331179 0.00195720947303775 0.00162262990981967 0.00183003188702077 0.00249836399223911;0.00186621768315632 0.00254403998046159 0.00180639483699232 0.0019909119485199 0.00233058267331179 0.0221690312004972 0.00279292895656968 0.00177896062206888 0.00194514755692842 0.00213922367090354;0.00227163707175241 0.00198294953307775 0.00203457230701932 0.00156341026086056 0.00195720947303775 0.00279292895656968 0.0214116674107384 0.00208444024399527 0.00202251712390278 0.00196723957606231;0.00222928680135656 0.00184420631937065 0.00176773506129127 0.0022057637152998 0.00162262990981967 0.00177896062206888 0.00208444024399527 0.0208010000285495 0.00160410015325288 0.00256679920927883;0.00194372962460134 0.0020892175872922 0.00186604757945018 0.0021671848473082 0.00183003188702077 0.00194514755692842 0.00202251712390278 0.00160410015325288 0.0207342137218991 0.00160511805576159;0.00273281583948891 0.00270802513768456 0.00268402953243244 0.00238729092612693 0.00249836399223911 0.00213922367090354 0.00196723957606231 0.00256679920927883 0.00160511805576159 0.0216911978383212]intento: 32 tiempo: 0.026 [0.021304700214498 0.00252153870728299 0.00195839196451445 0.00170683647078465 0.00208584392469728 0.00175160259065413 0.00225078387042853 0.00212445755559719 0.00196196804773125 0.00213213045751176;0.00252153870728299 0.0212772535636426 0.00228675728797081 0.00210492909973178 0.00240687373705385 0.00172967093079964 0.00205106789392156 0.00185965054694365 0.00172761226215607 0.00244851207737339;0.00195839196451445 0.00228675728797081 0.0211805164357025 0.00162437447793177 0.00206158189688168 0.00237403710818285 0.00155947451184039 0.00212526417927817 0.00231749691174793 0.00264943754208753;0.00170683647078465 0.00210492909973178 0.00162437447793177 0.0214533591189537 0.00197563705840409 0.00236537351077206 0.00183991616904593 0.00213287343353465 0.00157008897670088 0.00197355065176039;0.00208584392469728 0.00240687373705385 0.00206158189688168 0.00197563705840409 0.0216491467319844 0.0022452196026682 0.00188187806296801 0.00247757504034341 0.00221865362690132 0.00247161866086384;0.00175160259065413 0.00172967093079964 0.00237403710818285 0.00236537351077206 0.0022452196026682 0.0225107727561405 0.00203810713497878 0.0025438478120005 0.00277464693401409 0.00197122762249048;0.00225078387042853 0.00205106789392156 0.00155947451184039 0.00183991616904593 0.00188187806296801 0.00203810713497878 0.021313413946749 0.00266848966405762 0.00222635599281852 0.00227981054677025;0.00212445755559719 0.00185965054694365 0.00212526417927817 0.00213287343353465 0.00247757504034341 0.0025438478120005 0.00266848966405762 0.0214213934229471 0.00229157308462 0.00225623576620235;0.00196196804773125 0.00172761226215607 0.00231749691174793 0.00157008897670088 0.00221865362690132 0.00277464693401409 0.00222635599281852 0.00229157308462 0.0215286188282206 0.00232110366219707;0.00213213045751176 0.00244851207737339 0.00264943754208753 0.00197355065176039 0.00247161866086384 0.00197122762249048 0.00227981054677025 0.00225623576620235 0.00232110366219707 0.0222561204779367]intento: 34 tiempo: 0.025 [0.0209730067604479 0.00170985438201743 0.00204713209963135 0.00236518625810935 0.00209058124818484 0.00221885201817269 0.00157009484485059 0.00219686450116523 0.00179920776219011 0.00212822756958934;0.00170985438201743 0.0200998614851715 0.00216149425502429 0.00251628771836034 0.00144401657518021 0.00170057782275378 0.0021064206406443 0.0016309676534928 0.00216328179604095 0.0019089647747068;0.00204713209963135 0.00216149425502429 0.0210705889557577 0.00246515706248853 0.00193297008083708 0.00158835795230348 0.0016904387433207 0.00177799080591806 0.00234841361544709 0.00203219271748848;0.00236518625810935 0.00251628771836034 0.00246515706248853 0.0211218015181118 0.0021336032107225 0.0018402027081857 0.00228606564374652 0.0020450794924691 0.00180728737381077 0.00200368467974878;0.00209058124818484 0.00144401657518021 0.00193297008083708 0.0021336032107225 0.0199972375625487 0.00167484389483276 0.00219791713921574 0.00224861877755059 0.0019542675686458 0.00175663330598222;0.00221885201817269 0.00170057782275378 0.00158835795230348 0.0018402027081857 0.00167484389483276 0.0202818279901658 0.00222074783489503 0.00191113661164357 0.0020888347248319 0.00175436399442797;0.00157009484485059 0.0021064206406443 0.0016904387433207 0.00228606564374652 0.00219791713921574 0.00222074783489503 0.0205716407780673 0.0017596434164387 0.00170414464155602 0.00217566762309789;0.00219686450116523 0.0016309676534928 0.00177799080591806 0.0020450794924691 0.00224861877755059 0.00191113661164357 0.0017596434164387 0.0200133689655938 0.00151791374253402 0.00205380384463953;0.00179920776219011 0.00216328179604095 0.00234841361544709 0.00180728737381077 0.0019542675686458 0.0020888347248319 0.00170414464155602 0.00151791374253402 0.0202417244202433 0.00221930705829568;0.00212822756958934 0.0019089647747068 0.00203219271748848 0.00200368467974878 0.00175663330598222 0.00175436399442797 0.00217566762309789 0.00205380384463953 0.00221930705829568 0.0205511586477449]intento: 36 tiempo: 0.029 [0.022082987934245 0.00225193550788387 0.00233671196323213 0.00219254569618199 0.00243990431380777 0.00220315427320168 0.00259033998830906 0.00167962204377 0.0025110893504965 0.00265505894946363;0.00225193550788387 0.0215451501331326 0.00202671662895547 0.00192272882732044 0.00200525986043388 0.0019452837502372 0.00186612821921048 0.00175713202435685 0.00193046908978704 0.00164146314852215;0.00233671196323213 0.00202671662895547 0.0209011164728769 0.00267080701423266 0.0021273901064675 0.00230089095741788 0.002554952995898 0.00221143158799417 0.00271142598563701 0.00224979950636517;0.00219254569618199 0.00192272882732044 0.00267080701423266 0.02101625120135 0.00248128367070553 0.00200961079840126 0.00177995980144735 0.00209050824118097 0.00257199347516088 0.0021836037280617;0.00243990431380777 0.00200525986043388 0.0021273901064675 0.00248128367070553 0.0211832716984321 0.00211972679946595 0.00259590511163343 0.00140038660338992 0.00148158170495534 0.00266942476685721;0.00220315427320168 0.0019452837502372 0.00230089095741788 0.00200961079840126 0.00211972679946595 0.0213885600911573 0.0024701939341258 0.00187499471747622 0.00178283144135293 0.00247799951677735;0.00259033998830906 0.00186612821921048 0.002554952995898 0.00177995980144735 0.00259590511163343 0.0024701939341258 0.0209476035849071 0.00175828880890503 0.0020987008162169 0.00195045579556996;0.00167962204377 0.00175713202435685 0.00221143158799417 0.00209050824118097 0.00140038660338992 0.00187499471747622 0.00175828880890503 0.0209131109388653 0.00139724711234663 0.00149974990826335;0.0025110893504965 0.00193046908978704 0.00271142598563701 0.00257199347516088 0.00148158170495534 0.00178283144135293 0.0020987008162169 0.00139724711234663 0.0214158090556057 0.00199565325896352;0.00265505894946363 0.00164146314852215 0.00224979950636517 0.0021836037280617 0.00266942476685721 0.00247799951677735 0.00195045579556996 0.00149974990826335 0.00199565325896352 0.021442532457119]intento: 38 tiempo: 0.026 [0.0229676708746636 0.00223829046325836 0.00274929765974331 0.00183694164035522 0.00298429765243556 0.00230457027525748 0.00216436330954579 0.00187660879285411 0.00205487397151913 0.00216424230018656;0.00223829046325836 0.0229984230231039 0.00260301259518657 0.00232376845806953 0.00274226811340279 0.00252129557219119 0.00243116923354123 0.0036086348987804 0.00224466035730072 0.00242644347282807;0.00274929765974331 0.00260301259518657 0.0236932297676594 0.00150081622779345 0.00257231897060753 0.00274989024544828 0.00267302874134665 0.00261258468153665 0.00190104212144426 0.00201399613159916;0.00183694164035522 0.00232376845806953 0.00150081622779345 0.0228729710540935 0.00222099710754244 0.00231471749392069 0.00232723457247972 0.00270181047569755 0.00239633082916986 0.00168401835111089;0.00298429765243556 0.00274226811340279 0.00257231897060753 0.00222099710754244 0.023306085862524 0.002456239145019 0.0030218093488024 0.00200683860481031 0.00218859232403324 0.00251420353888566;0.00230457027525748 0.00252129557219119 0.00274989024544828 0.00231471749392069 0.002456239145019 0.0228799180791635 0.00228230399986373 0.00322886900255877 0.00242589201962682 0.00221051459791707;0.00216436330954579 0.00243116923354123 0.00267302874134665 0.00232723457247972 0.0030218093488024 0.00228230399986373 0.0244383590886968 0.00263022010672546 0.00295198295936542 0.00226606424162209;0.00187660879285411 0.0036086348987804 0.00261258468153665 0.00270181047569755 0.00200683860481031 0.00322886900255877 0.00263022010672546 0.0242517453763122 0.00271998539076476 0.00288341694885837;0.00205487397151913 0.00224466035730072 0.00190104212144426 0.00239633082916986 0.00218859232403324 0.00242589201962682 0.00295198295936542 0.00271998539076476 0.0231060362007241 0.002521388962108;0.00216424230018656 0.00242644347282807 0.00201399613159916 0.00168401835111089 0.00251420353888566 0.00221051459791707 0.00226606424162209 0.00288341694885837 0.002521388962108 0.022961514568537]intento: 40 tiempo: 0.03 [0.0201501700087529 0.00217026248181034 0.00240637418695905 0.00193038939421251 0.00232618140724173 0.00189304139362897 0.00154836969189951 0.00194820039492705 0.0015992628361296 0.00180737274987999;0.00217026248181034 0.0197111437499564 0.00192441327951915 0.00241389827515501 0.0016520891065538 0.00181402370329287 0.00165865711344503 0.00199139324015673 0.00159126993986331 0.00212877695867136;0.00240637418695905 0.00192441327951915 0.0195807494630181 0.00226941070141594 0.00206876362728708 0.00208940698361801 0.00135327439166764 0.00221964484804603 0.00176983090101428 0.00155246139259332;0.00193038939421251 0.00241389827515501 0.00226941070141594 0.0202277115864647 0.00173463667359543 0.00234618852937333 0.00157876480754917 0.00249430147725748 0.00183156468946118 0.00222992403412682;0.00232618140724173 0.0016520891065538 0.00206876362728708 0.00173463667359543 0.0191617707541268 0.00184699092822648 0.00180901891807144 0.00168250337354624 0.00210096530994393 0.00120316311998755;0.00189304139362897 0.00181402370329287 0.00208940698361801 0.00234618852937333 0.00184699092822648 0.0201101601296969 0.00209745984285422 0.00206644073251627 0.00166133142886956 0.00159084382296661;0.00154836969189951 0.00165865711344503 0.00135327439166764 0.00157876480754917 0.00180901891807144 0.00209745984285422 0.0190568613519917 0.00170481847342837 0.001304804856833 0.00158649241934899;0.00194820039492705 0.00199139324015673 0.00221964484804603 0.00249430147725748 0.00168250337354624 0.00206644073251627 0.00170481847342837 0.0192665853401112 0.00171862659714267 0.00172169070197896;0.0015992628361296 0.00159126993986331 0.00176983090101428 0.00183156468946118 0.00210096530994393 0.00166133142886956 0.001304804856833 0.00171862659714267 0.0191087905685969 0.00120416331019123;0.00180737274987999 0.00212877695867136 0.00155246139259332 0.00222992403412682 0.00120316311998755 0.00159084382