intento: 2 tiempo: 0.012 [0.0529502492957655 0.00964672529323544 0.0137880371222417 0.0109506217014997 0.0126128638783755;0.00964672529323544 0.0513968080742705 0.00995333488198396 0.00964891107852107 0.0088075887623379;0.0137880371222417 0.00995333488198396 0.0537756413976196 0.0139521367042389 0.0111051958262435;0.0109506217014997 0.00964891107852107 0.0139521367042389 0.0526122224029916 0.0087903203820237;0.0126128638783755 0.0088075887623379 0.0111051958262435 0.0087903203820237 0.0482661877108568]intento: 4 tiempo: 0.013 [0.054076597804997 0.014716666458615 0.011008937314873 0.00911176241197153 0.0108827426871808;0.014716666458615 0.0663321158183956 0.018467264804863 0.0130329955747241 0.0161976996073706;0.011008937314873 0.018467264804863 0.0561577715131284 0.0112294534038378 0.0143158162081712;0.00911176241197153 0.0130329955747241 0.0112294534038378 0.054012031367236 0.00876651476730476;0.0108827426871808 0.0161976996073706 0.0143158162081712 0.00876651476730476 0.0560494650113286]intento: 6 tiempo: 0.012 [0.0554877197554606 0.012249833076844 0.00991061475138048 0.011582739985242 0.0116148122985024;0.012249833076844 0.0542205481087884 0.0108242466953903 0.0110206851638165 0.0115484769625183;0.00991061475138048 0.0108242466953903 0.0483942348659213 0.011133570611099 0.00961212920181718;0.011582739985242 0.0110206851638165 0.011133570611099 0.0520810324010552 0.0114490669228451;0.0116148122985024 0.0115484769625183 0.00961212920181718 0.0114490669228451 0.0476791300220362]intento: 8 tiempo: 0.013 [0.0545611854425891 0.0135844279068029 0.0145104313073213 0.0108345741768307 0.0124213063941511;0.0135844279068029 0.0545178133329174 0.0147611200435673 0.0130252265108261 0.0135167157610832;0.0145104313073213 0.0147611200435673 0.0558180931025559 0.0123245419774997 0.0154100078148061;0.0108345741768307 0.0130252265108261 0.0123245419774997 0.0587277874925856 0.0127180985546575;0.0124213063941511 0.0135167157610832 0.0154100078148061 0.0127180985546575 0.0536465352424371]intento: 10 tiempo: 0.013 [0.0617193069776431 0.0188353970473471 0.0155810520279625 0.0114526546044515 0.0167616492319724;0.0188353970473471 0.0591544263794483 0.0143424787545175 0.00999071582890972 0.0148178775082107;0.0155810520279625 0.0143424787545175 0.058990587745133 0.0102806693068959 0.0146589431173388;0.0114526546044515 0.00999071582890972 0.0102806693068959 0.0527666087127919 0.0114481252593283;0.0167616492319724 0.0148178775082107 0.0146589431173388 0.0114481252593283 0.0605248564265342]intento: 12 tiempo: 0.013 [0.0672268763994619 0.0198645911932648 0.0132517063459477 0.0168422413595144 0.00918489544241466;0.0198645911932648 0.0667520368762172 0.0160219200849359 0.02266446377909 0.0158266132918053;0.0132517063459477 0.0160219200849359 0.0617623292577838 0.0164795811574035 0.013254005021373;0.0168422413595144 0.02266446377909 0.0164795811574035 0.0773544059932148 0.0165035118514316;0.00918489544241466 0.0158266132918053 0.013254005021373 0.0165035118514316 0.060484198111745]intento: 14 tiempo: 0.013 [0.0491589062464525 0.0106613013917794 0.00927494599776937 0.0112303637825135 0.0104749207690322;0.0106613013917794 0.0529981464830122 0.0134894182435501 0.0100178440815641 0.0119521747681102;0.00927494599776937 0.0134894182435501 0.0518782081538187 0.0120251213475342 0.0124738784862722;0.0112303637825135 0.0100178440815641 0.0120251213475342 0.0531883031448672 0.0113864405287918;0.0104749207690322 0.0119521747681102 0.0124738784862722 0.0113864405287918 0.0512986746207771]intento: 16 tiempo: 0.013 [0.0628714789791882 0.0146760149660041 0.0130331609363082 0.0147585953499426 0.0140090650362341;0.0146760149660041 0.0596661656193887 0.0139100569548317 0.0120064184759463 0.0130666837613373;0.0130331609363082 0.0139100569548317 0.0658260104633909 0.015424016215029 0.0154334521026875;0.0147585953499426 0.0120064184759463 0.015424016215029 0.0610418224780995 0.0177195782534164;0.0140090650362341 0.0130666837613373 0.0154334521026875 0.0177195782534164 0.059701376523265]intento: 18 tiempo: 0.013 [0.062242221838096 0.0172171660768479 0.0111177181018819 0.0177419372556928 0.0131318762088537;0.0172171660768479 0.0620578098778476 0.0114564968933199 0.0156193621264398 0.0148892221230968;0.0111177181018819 0.0114564968933199 0.057535435766609 0.0126497965955745 0.011655379561675;0.0177419372556928 0.0156193621264398 0.0126497965955745 0.0674439429327085 0.0157855382159307;0.0131318762088537 0.0148892221230968 0.011655379561675 0.0157855382159307 0.0622509043090761]intento: 20 tiempo: 0.012 [0.0575004160920966 0.0122480176579461 0.0134204166502701 0.00858934456124626 0.00976821640466784;0.0122480176579461 0.0592057362258672 0.0140060155428774 0.012905919170707 0.0122971793626048;0.0134204166502701 0.0140060155428774 0.0577141444776587 0.0123568883325396 0.0130984826217339;0.00858934456124626 0.012905919170707 0.0123568883325396 0.0515633420485949 0.0124621947640536;0.00976821640466784 0.0122971793626048 0.0130984826217339 0.0124621947640536 0.0544160040472562]intento: 22 tiempo: 0.012 [0.0702969120814462 0.0158325914631494 0.0135292414697884 0.0177065928901311 0.0155899896041187;0.0158325914631494 0.0665674780530505 0.014648826748657 0.0145459333964003 0.0133285868581353;0.0135292414697884 0.014648826748657 0.0580402155222162 0.00837036195155011 0.00763551786961209;0.0177065928901311 0.0145459333964003 0.00837036195155011 0.0608470049169752 0.0115021400277842;0.0155899896041187 0.0133285868581353 0.00763551786961209 0.0115021400277842 0.0560583649277868]intento: 24 tiempo: 0.012 [0.0610012438216607 0.0119081984935934 0.0118638238253948 0.0142323800313031 0.0163896752979469;0.0119081984935934 0.0652252579399495 0.0131006551336758 0.0146948984409215 0.0146075858168243;0.0118638238253948 0.0131006551336758 0.067113828814177 0.0195204222583867 0.0219239010496233;0.0142323800313031 0.0146948984409215 0.0195204222583867 0.0623837236478364 0.0174436649355759;0.0163896752979469 0.0146075858168243 0.0219239010496233 0.0174436649355759 0.0711440058917546]intento: 26 tiempo: 0.012 [0.0547919628519806 0.0135645152750459 0.0123414949433827 0.0110142283389412 0.0136091704011467;0.0135645152750459 0.0605483380885256 0.00871720757261449 0.0116446694761568 0.0137532829549465;0.0123414949433827 0.00871720757261449 0.0535323854159876 0.0102887938150912 0.0118055459035761;0.0110142283389412 0.0116446694761568 0.0102887938150912 0.0557388697476045 0.0146108004873276;0.0136091704011467 0.0137532829549465 0.0118055459035761 0.0146108004873276 0.0621903111159106]intento: 28 tiempo: 0.013 [0.0689645877494506 0.0130271733256743 0.0145444471454592 0.0130810009809906 0.0184378687744144;0.0130271733256743 0.0586297427707192 0.0115841372950248 0.0108858463328428 0.0153274488684718;0.0145444471454592 0.0115841372950248 0.0599418122259562 0.0144681520058619 0.0175292601417344;0.0130810009809906 0.0108858463328428 0.0144681520058619 0.0607089792670856 0.0136409414280308;0.0184378687744144 0.0153274488684718 0.0175292601417344 0.0136409414280308 0.0635225685287111]intento: 30 tiempo: 0.012 [0.0721412354032692 0.0199079409792358 0.0204680286036655 0.0182229339836684 0.0116791630574166;0.0199079409792358 0.0715291098463205 0.0144883977091754 0.0174550511909465 0.012166570838365;0.0204680286036655 0.0144883977091754 0.0658000345776199 0.0208423266624542 0.0140442012109939;0.0182229339836684 0.0174550511909465 0.0208423266624542 0.0685087082402197 0.0151897581688246;0.0116791630574166 0.012166570838365 0.0140442012109939 0.0151897581688246 0.0637340627680853]intento: 32 tiempo: 0.013 [0.0647878288025254 0.0173580826677012 0.0124811167133575 0.0113857529544184 0.0199424418917649;0.0173580826677012 0.0683352261434255 0.0106536318326727 0.0113054830224165 0.0200561783760045;0.0124811167133575 0.0106536318326727 0.0617406036999072 0.0144468971059309 0.0183795978633293;0.0113857529544184 0.0113054830224165 0.0144468971059309 0.057697719961449 0.0142417697952757;0.0199424418917649 0.0200561783760045 0.0183795978633293 0.0142417697952757 0.0727535113902026]intento: 34 tiempo: 0.012 [0.066159897114699 0.0190706781223335 0.0156884044053726 0.0172016503588967 0.0202279699970125;0.0190706781223335 0.0826449887225313 0.0217540058581084 0.0201503434059148 0.0260468206516524;0.0156884044053726 0.0217540058581084 0.0738603605867833 0.0146126984554536 0.0164547271471067;0.0172016503588967 0.0201503434059148 0.0146126984554536 0.0739333600645316 0.0203462514786157;0.0202279699970125 0.0260468206516524 0.0164547271471067 0.0203462514786157 0.0750984587870816]intento: 36 tiempo: 0.012 [0.0744404441251783 0.015238910750158 0.019981246047371 0.0225462331515976 0.0161072787704474;0.015238910750158 0.0664320701361152 0.0181583831793782 0.0135877926156862 0.0116506529684354;0.019981246047371 0.0181583831793782 0.0760392953666791 0.0229298000220276 0.012069510099213;0.0225462331515976 0.0135877926156862 0.0229298000220276 0.0701641617438257 0.0129135067949539;0.0161072787704474 0.0116506529684354 0.012069510099213 0.0129135067949539 0.0623393544256384]intento: 38 tiempo: 0.012 [0.0571194140195351 0.0122658777579492 0.0126534315529905 0.014999010879053 0.0105125658361381;0.0122658777579492 0.0563669755443202 0.0138179715196134 0.0123187103814454 0.00845553088443076;0.0126534315529905 0.0138179715196134 0.0545661840893257 0.0136367088735309 0.0118142534612706;0.014999010879053 0.0123187103814454 0.0136367088735309 0.0549267897438608 0.0140497757258197;0.0105125658361381 0.00845553088443076 0.0118142534612706 0.0140497757258197 0.0550373150520995]intento: 40 tiempo: 0.012 [0.05336676106464 0.012437218533477 0.0112642485399166 0.0104579841769348 0.0133208304138521;0.012437218533477 0.0506760700118587 0.0112363227338011 0.00914796200777695 0.0114211657407143;0.0112642485399166 0.0112363227338011 0.0518696132691372 0.0115940422122051 0.012573576407099;0.0104579841769348 0.00914796200777695 0.0115940422122051 0.0555423743630563 0.0095762333520924;0.0133208304138521 0.0114211657407143 0.012573576407099 0.0095762333520924 0.059827698787251]intento: 42 tiempo: 0.012 [0.055303005223868 0.010747444497822 0.010591596013219 0.0118469903700289 0.0108964606836384;0.010747444497822 0.0548797109151055 0.0123533449939643 0.0141737200447932 0.0163895310251914;0.010591596013219 0.0123533449939643 0.0538541419717631 0.0112027175986095 0.0134451525810095;0.0118469903700289 0.0141737200447932 0.0112027175986095 0.0574196565685097 0.0181261764865404;0.0108964606836384 0.0163895310251914 0.0134451525810095 0.0181261764865404 0.0618754692053467]intento: 44 tiempo: 0.012 [0.0589268500752815 0.0153841987415757 0.0132327546596566 0.0131717765281228 0.0133014764432318;0.0153841987415757 0.0565398369755711 0.0129419747416605 0.0121916971190356 0.0108215445701805;0.0132327546596566 0.0129419747416605 0.0502112215020582 0.0130111136702953 0.00864236840464791;0.0131717765281228 0.0121916971190356 0.0130111136702953 0.0511661311774922 0.00933943884207792;0.0133014764432318 0.0108215445701805 0.00864236840464791 0.00933943884207792 0.0546352930164316]intento: 46 tiempo: 0.014 [0.0579038296109188 0.00947870505428478 0.0156674394028595 0.0134808678658994 0.0156625641947;0.00947870505428478 0.0549577122735592 0.01361149870526 0.0134230649193008 0.0126945555357619;0.0156674394028595 0.01361149870526 0.059245876393732 0.0146396031484223 0.0166909912427047;0.0134808678658994 0.0134230649193008 0.0146396031484223 0.0600695744003994 0.0164699026182717;0.0156625641947 0.0126945555357619 0.0166909912427047 0.0164699026182717 0.0635956479453711]intento: 48 tiempo: 0.012 [0.0457285618023402 0.00900256603540448 0.00909898388954967 0.0113383504947733 0.00639705366446512;0.00900256603540448 0.0505396857630782 0.0118727152372351 0.011590968861398 0.0104367579673457;0.00909898388954967 0.0118727152372351 0.0494109210537832 0.0119230477826087 0.00895663898840295;0.0113383504947733 0.011590968861398 0.0119230477826087 0.0514465317910547 0.011236368775374;0.00639705366446512 0.0104367579673457 0.00895663898840295 0.011236368775374 0.0497749901007328]intento: 50 tiempo: 0.015 [0.0611363545116711 0.0166104545678247 0.0128754980570128 0.0134561330135238 0.0150528680802166;0.0166104545678247 0.0618277495662767 0.0116955969043048 0.0140978310893481 0.0131493273357705;0.0128754980570128 0.0116955969043048 0.0524113720110804 0.0122010876703093 0.0113393750254208;0.0134561330135238 0.0140978310893481 0.0122010876703093 0.0569124481699898 0.0146697556524121;0.0150528680802166 0.0131493273357705 0.0113393750254208 0.0146697556524121 0.0564603713323347]intento: 52 tiempo: 0.011 [0.0671787890404295 0.013272669663119 0.0151082757959793 0.016562101631656 0.0144013326672176;0.013272669663119 0.0689299832002288 0.0190859443934636 0.0180671670417279 0.013305878488416;0.0151082757959793 0.0190859443934636 0.0688472363354522 0.0161646407609456 0.0172699084420368;0.016562101631656 0.0180671670417279 0.0161646407609456 0.0715843970279457 0.013594712829603;0.0144013326672176 0.013305878488416 0.0172699084420368 0.013594712829603 0.0620217232927784]intento: 54 tiempo: 0.012 [0.0630005397489138 0.0123224238261889 0.0150441631479394 0.0180077306302793 0.0115399393671588;0.0123224238261889 0.057943627751835 0.015489503272709 0.0167872270176732 0.0078288877939347;0.0150441631479394 0.015489503272709 0.0680796543923226 0.0228063662396052 0.0126773229879721;0.0180077306302793 0.0167872270176732 0.0228063662396052 0.0693950034730639 0.0141329837238933;0.0115399393671588 0.0078288877939347 0.0126773229879721 0.0141329837238933 0.0587033264596938]intento: 56 tiempo: 0.012 [0.0547502453704773 0.0108020781135306 0.0151873458998487 0.0101543427319322 0.0102067551421911;0.0108020781135306 0.0512928823229992 0.0124832434229616 0.00993628586517495 0.0114627624209814;0.0151873458998487 0.0124832434229616 0.0572217497790353 0.0102590536020406 0.0147843738184006;0.0101543427319322 0.00993628586517495 0.0102590536020406 0.0507571611587705 0.0113032927529556;0.0102067551421911 0.0114627624209814 0.0147843738184006 0.0113032927529556 0.0564269694081224]intento: 58 tiempo: 0.012 [0.0488563458072511 0.0112363477918502 0.00906980221429947 0.014334744880064 0.0108353485974912;0.0112363477918502 0.0517441417863978 0.0085627742289904 0.0117027090410777 0.0101684530266695;0.00906980221429947 0.0085627742289904 0.0458762882636399 0.00899051334058622 0.00674164981841621;0.014334744880064 0.0117027090410777 0.00899051334058622 0.0510922536473491 0.00956062782703361;0.0108353485974912 0.0101684530266695 0.00674164981841621 0.00956062782703361 0.0455651888108578]intento: 60 tiempo: 0.012 [0.0649538847835551 0.0181851789463343 0.0192029866570101 0.0164711511732875 0.0188773654837066;0.0181851789463343 0.0610842591841288 0.0116893964867585 0.0119282980536587 0.0157988922657917;0.0192029866570101 0.0116893964867585 0.0587145954627782 0.0108895472998242 0.013263736634351;0.0164711511732875 0.0119282980536587 0.0108895472998242 0.0540637513553291 0.0109418851047689;0.0188773654837066 0.0157988922657917 0.013263736634351 0.0109418851047689 0.0570324952507301]intento: 62 tiempo: 0.012 [0.0695552439256167 0.0176772082042485 0.0191657797371545 0.0130182379314098 0.0160324239328723;0.0176772082042485 0.0680630562304129 0.0132107475578835 0.0135228468516609 0.0108351057708646;0.0191657797371545 0.0132107475578835 0.0596577973931865 0.0124512211908961 0.015267206895476;0.0130182379314098 0.0135228468516609 0.0124512211908961 0.0609717490429418 0.0107982211252983;0.0160324239328723 0.0108351057708646 0.015267206895476 0.0107982211252983 0.0602864699676464]intento: 64 tiempo: 0.012 [0.0664100143879527 0.0140679109991234 0.0141229393902316 0.0115393539630719 0.0217167871889089;0.0140679109991234 0.0577682589868608 0.00914837845109182 0.0085416077779148 0.0139341401583904;0.0141229393902316 0.00914837845109182 0.0574345251931548 0.0101585726134816 0.0139225965612037;0.0115393539630719 0.0085416077779148 0.0101585726134816 0.052689585921725 0.00862103757726931;0.0217167871889089 0.0139341401583904 0.0139225965612037 0.00862103757726931 0.0685834330448233]intento: 66 tiempo: 0.012 [0.0866756141522976 0.022465766666093 0.0251792233680257 0.0233073291866191 0.0187548338563679;0.022465766666093 0.0793907097133299 0.0208729408755184 0.0287602840665205 0.0197697010530215;0.0251792233680257 0.0208729408755184 0.0795381099375146 0.0250193351191433 0.0173023893139307;0.0233073291866191 0.0287602840665205 0.0250193351191433 0.0869900164645715 0.0253941226252317;0.0187548338563679 0.0197697010530215 0.0173023893139307 0.0253941226252317 0.0806931348295277]intento: 68 tiempo: 0.012 [0.0507767648698114 0.00859850088662393 0.0115054879481811 0.00597136736140328 0.00685408581088596;0.00859850088662393 0.060713947629175 0.0166147675549769 0.0114134404834997 0.013463856219297;0.0115054879481811 0.0166147675549769 0.0533323991916042 0.01131457529439 0.0111526491837098;0.00597136736140328 0.0114134404834997 0.01131457529439 0.0467469902889862 0.00810213463758781;0.00685408581088596 0.013463856219297 0.0111526491837098 0.00810213463758781 0.0497376942800616]intento: 70 tiempo: 0.013 [0.0635986384500942 0.0167976683055505 0.0173800166554527 0.0175896667220716 0.0127990517915824;0.0167976683055505 0.0759571168969636 0.0228295766470059 0.0208546582382384 0.0216149705359635;0.0173800166554527 0.0228295766470059 0.073541507748364 0.0218506129751524 0.0185870625388731;0.0175896667220716 0.0208546582382384 0.0218506129751524 0.0744230019040056 0.0202904456305371;0.0127990517915824 0.0216149705359635 0.0185870625388731 0.0202904456305371 0.0713923144496084]intento: 72 tiempo: 0.012 [0.0539864679591628 0.0120246544330985 0.0112773765673096 0.00973187699230545 0.00785588220986048;0.0120246544330985 0.054407292614046 0.0108440339856843 0.0134013470158959 0.00907916081563779;0.0112773765673096 0.0108440339856843 0.0524756099429063 0.010962046600963 0.00837656481615102;0.00973187699230545 0.0134013470158959 0.010962046600963 0.050017584502805 0.010513740883544;0.00785588220986048 0.00907916081563779 0.00837656481615102 0.010513740883544 0.0473156919789209]intento: 74 tiempo: 0.012 [0.0680154418136736 0.0218164660973409 0.0170064345550287 0.014860908329446 0.0164259848019243;0.0218164660973409 0.0693011928307035 0.0167613278955329 0.0154850032302315 0.018147938822862;0.0170064345550287 0.0167613278955329 0.0690385100682668 0.014083681557572 0.0135627542596021;0.014860908329446 0.0154850032302315 0.014083681557572 0.0659520151828988 0.0130558826866364;0.0164259848019243 0.018147938822862 0.0135627542596021 0.0130558826866364 0.0621683778754994]intento: 76 tiempo: 0.012 [0.061871581555448 0.0183496498150657 0.0118019549079285 0.0157534548194517 0.0173970726186478;0.0183496498150657 0.0711017360252032 0.0160751342826194 0.0139030836345827 0.0173374612868806;0.0118019549079285 0.0160751342826194 0.0577531333815175 0.012332041716671 0.0109815178170541;0.0157534548194517 0.0139030836345827 0.012332041716671 0.0673666408274441 0.0130215448763563;0.0173970726186478 0.0173374612868806 0.0109815178170541 0.0130215448763563 0.0678743663124044]intento: 78 tiempo: 0.012 [0.0526971066427806 0.00971876324009581 0.0126736418396488 0.0100895642945528 0.0104575171082293;0.00971876324009581 0.0601872526426096 0.0187207341208997 0.0149115714213703 0.0127195000550366;0.0126736418396488 0.0187207341208997 0.0686727212608719 0.0178319603132247 0.0173829745235123;0.0100895642945528 0.0149115714213703 0.0178319603132247 0.0540948680156578 0.0136120408360168;0.0104575171082293 0.0127195000550366 0.0173829745235123 0.0136120408360168 0.0560249761359175]intento: 80 tiempo: 0.015 [0.0455686967772355 0.0117518414446474 0.0104350961583551 0.00873570602535299 0.00837229281844193;0.0117518414446474 0.0462472470029053 0.00884293899720539 0.00852962146240229 0.00769554063513501;0.0104350961583551 0.00884293899720539 0.0422112925639622 0.00897148116252013 0.00705202964780842;0.00873570602535299 0.00852962146240229 0.00897148116252013 0.0436759372044353 0.00855971024672084;0.00837229281844193 0.00769554063513501 0.00705202964780842 0.00855971024672084 0.0401446622692847]intento: 82 tiempo: 0.012 [0.0560030986815062 0.0148651998504297 0.0127896141543 0.0113487957557378 0.0134395924789352;0.0148651998504297 0.054628924535767 0.0117870735191382 0.010204800983123 0.00935715565254832;0.0127896141543 0.0117870735191382 0.0535207133233807 0.0108702539218589 0.0107813895125983;0.0113487957557378 0.010204800983123 0.0108702539218589 0.0545689848841954 0.0135413597707094;0.0134395924789352 0.00935715565254832 0.0107813895125983 0.0135413597707094 0.054245936295931]intento: 84 tiempo: 0.013 [0.0473783004236595 0.0106682515132157 0.0100708083035676 0.0113998048568176 0.00557905060860711;0.0106682515132157 0.0525521296418399 0.014325967147602 0.0131188862839935 0.0106483811516396;0.0100708083035676 0.014325967147602 0.0529009081867223 0.0132078393706194 0.011274175442248;0.0113998048568176 0.0131188862839935 0.0132078393706194 0.0530852583622687 0.0109730977090625;0.00557905060860711 0.0106483811516396 0.011274175442248 0.0109730977090625 0.0483221711964726]intento: 86 tiempo: 0.013 [0.0466807277422567 0.0101907427666965 0.00876740922687894 0.00998344746307632 0.00810991169052878;0.0101907427666965 0.0495722291424137 0.0104183507997002 0.0129445472370138 0.0100756912613795;0.00876740922687894 0.0104183507997002 0.0441973944622723 0.00815571403766851 0.00782607325303517;0.00998344746307632 0.0129445472370138 0.00815571403766851 0.0495465989562285 0.0104438689567447;0.00810991169052878 0.0100756912613795 0.00782607325303517 0.0104438689567447 0.0452006457113358]intento: 88 tiempo: 0.014 [0.0571817206779186 0.010015709523261 0.0139579867700757 0.00997010506361292 0.0160107714992667;0.010015709523261 0.0541336079367159 0.0101769937455633 0.00898242198779685 0.01289736637372;0.0139579867700757 0.0101769937455633 0.0568722697208089 0.0102354020682323 0.0125716737739047;0.00997010506361292 0.00898242198779685 0.0102354020682323 0.0489834056525683 0.0122209398721505;0.0160107714992667 0.01289736637372 0.0125716737739047 0.0122209398721505 0.0629009180409408]intento: 90 tiempo: 0.014 [0.0715471963108477 0.0223656016814261 0.0148873453425584 0.021276589660138 0.0167435582581239;0.0223656016814261 0.0815129217945563 0.0184330718051083 0.0297535647731935 0.0192127756411933;0.0148873453425584 0.0184330718051083 0.0735418808540264 0.0215451213119847 0.018045096921004;0.021276589660138 0.0297535647731935 0.0215451213119847 0.0798402538145883 0.0195514204142755;0.0167435582581239 0.0192127756411933 0.018045096921004 0.0195514204142755 0.0698319648915561]intento: 92 tiempo: 0.013 [0.0565644002882655 0.0137215942290739 0.0189210600141541 0.0130920071313921 0.0134474673633766;0.0137215942290739 0.0552922289623605 0.0166105626344582 0.0146973370580957 0.0121365545981602;0.0189210600141541 0.0166105626344582 0.0636859239917815 0.0181987809935554 0.0152974925239767;0.0130920071313921 0.0146973370580957 0.0181987809935554 0.0611727924129154 0.0127905445569452;0.0134474673633766 0.0121365545981602 0.0152974925239767 0.0127905445569452 0.0534024722932177]intento: 94 tiempo: 0.015 [0.055104204228323 0.00844532174482963 0.0117745478123289 0.00948398929035829 0.0110936564910311;0.00844532174482963 0.061627936677608 0.0143124244445957 0.016456858542157 0.018425746048199;0.0117745478123289 0.0143124244445957 0.0584951256601519 0.0119247772016437 0.0169154349447178;0.00948398929035829 0.016456858542157 0.0119247772016437 0.065444619082438 0.0152705774750712;0.0110936564910311 0.018425746048199 0.0169154349447178 0.0152705774750712 0.0698560772130708]intento: 96 tiempo: 0.013 [0.0663732825619924 0.0120190903870532 0.01385136766551 0.0159964783029911 0.0157601144075027;0.0120190903870532 0.0709226200990178 0.0143936254252704 0.0184579722143998 0.0207688931262367;0.01385136766551 0.0143936254252704 0.0640240703498666 0.0137913401498568 0.0179629556290171;0.0159964783029911 0.0184579722143998 0.0137913401498568 0.0690571849335945 0.0164463148789173;0.0157601144075027 0.0207688931262367 0.0179629556290171 0.0164463148789173 0.0726862561432956]intento: 98 tiempo: 0.013 [0.0550658923595447 0.00986250076782383 0.00845552202788816 0.0125119230431518 0.0118678940102286;0.00986250076782383 0.053039227134329 0.0090744546301066 0.0115175514600586 0.0108207983576852;0.00845552202788816 0.0090744546301066 0.0481710187187944 0.0116188263840399 0.00895525025643134;0.0125119230431518 0.0115175514600586 0.0116188263840399 0.0557362784268914 0.0124582193186889;0.0118678940102286 0.0108207983576852 0.00895525025643134 0.0124582193186889 0.0481685016603052]intento: 100 tiempo: 0.018 [0.0620148203736398 0.0121481062733838 0.0161118697589796 0.0181967342739884 0.012273450501743;0.0121481062733838 0.0610341361797779 0.0149091526881494 0.015482741326474 0.0115651642609043;0.0161118697589796 0.0149091526881494 0.0634296329642083 0.0165035683895372 0.0127140964377058;0.0181967342739884 0.015482741326474 0.0165035683895372 0.0597818557299751 0.0131226886625243;0.012273450501743 0.0115651642609043 0.0127140964377058 0.0131226886625243 0.0562557898139784]intento: 102 tiempo: 0.014 [0.0511053643314307 0.0119412586701252 0.0111546440259898 0.0134619489167555 0.011703661314496;0.0119412586701252 0.0554333753629252 0.0135760433845775 0.0172640268880209 0.0141558966092531;0.0111546440259898 0.0135760433845775 0.0550785520721063 0.0147474299254042 0.0125034963707632;0.0134619489167555 0.0172640268880209 0.0147474299254042 0.0593494996320124 0.0159723480146584;0.011703661314496 0.0141558966092531 0.0125034963707632 0.0159723480146584 0.0588723813141298]intento: 104 tiempo: 0.016 [0.0496884111928242 0.0116683837904291 0.0129427281907602 0.00893127192223934 0.00970030425285625;0.0116683837904291 0.0489052888128067 0.0122103429049704 0.00727964153314361 0.00784950435501262;0.0129427281907602 0.0122103429049704 0.0493138324731226 0.00785132808029157 0.0121211402897653;0.00893127192223934 0.00727964153314361 0.00785132808029157 0.0439266544349255 0.0082812261674091;0.00970030425285625 0.00784950435501262 0.0121211402897653 0.0082812261674091 0.0456110747970975]intento: 106 tiempo: 0.013 [0.0543109341823311 0.0120009932444299 0.00927615884985972 0.00949144737302579 0.0139636207491578;0.0120009932444299 0.0563223274601152 0.0114926446591326 0.00846810079386458 0.0144338664007422;0.00927615884985972 0.0114926446591326 0.0578407066679523 0.0106528913890632 0.0109616417624875;0.00949144737302579 0.00846810079386458 0.0106528913890632 0.0475283288831434 0.00937607187452344;0.0139636207491578 0.0144338664007422 0.0109616417624875 0.00937607187452344 0.0578373946946279]intento: 108 tiempo: 0.013 [0.0602416237321511 0.016793742497421 0.0119108871762288 0.0115037729953218 0.0135560677869612;0.016793742497421 0.0619689619573231 0.0122447259949074 0.0171635262377717 0.0143872955513141;0.0119108871762288 0.0122447259949074 0.05182381598798 0.00868404378881723 0.00749821392050689;0.0115037729953218 0.0171635262377717 0.00868404378881723 0.0620338319413323 0.00862905592317435;0.0135560677869612 0.0143872955513141 0.00749821392050689 0.00862905592317435 0.0587373099883813]intento: 110 tiempo: 0.013 [0.0580262831548084 0.0153376529635418 0.0140567208600678 0.0122760855421147 0.014978682566984;0.0153376529635418 0.0556022849427126 0.0110423720384359 0.0106645298056112 0.0162508539519673;0.0140567208600678 0.0110423720384359 0.0592912695760927 0.0104373827821708 0.0141369017168176;0.0122760855421147 0.0106645298056112 0.0104373827821708 0.0546904122971446 0.0105540892376182;0.014978682566984 0.0162508539519673 0.0141369017168176 0.0105540892376182 0.0572995620577284]intento: 112 tiempo: 0.012 [0.0694003227137936 0.020457994490415 0.0148194296383981 0.0149328845856654 0.0211456134972799;0.020457994490415 0.069848858587236 0.0142910033782159 0.0142171075354189 0.0227467227890241;0.0148194296383981 0.0142910033782159 0.0782677592995807 0.0145335117726612 0.0235081667796683;0.0149328845856654 0.0142171075354189 0.0145335117726612 0.0635083014665277 0.0184607365805027;0.0211456134972799 0.0227467227890241 0.0235081667796683 0.0184607365805027 0.0779435435563273]intento: 114 tiempo: 0.019 [0.111772919744971 0.0332581025592618 0.0328543929179389 0.0387409205855299 0.0341024373373418;0.0332581025592618 0.0940017507894381 0.0247336384876941 0.0246592104068936 0.0258545778751507;0.0328543929179389 0.0247336384876941 0.095661512507224 0.0322929571622046 0.0303077262456239;0.0387409205855299 0.0246592104068936 0.0322929571622046 0.1047926695431 0.0278665921370212;0.0341024373373418 0.0258545778751507 0.0303077262456239 0.0278665921370212 0.0917409488257552]intento: 116 tiempo: 0.013 [0.05642157289304 0.0157670836666806 0.00937460264969944 0.0122611844145415 0.0126800702075081;0.0157670836666806 0.0755192259076957 0.0157978831811681 0.0193564690193457 0.0177584230283944;0.00937460264969944 0.0157978831811681 0.0566326972169584 0.0114522091477097 0.0124286791925016;0.0122611844145415 0.0193564690193457 0.0114522091477097 0.0632722437286959 0.0138075934050335;0.0126800702075081 0.0177584230283944 0.0124286791925016 0.0138075934050335 0.0590444079489481]intento: 118 tiempo: 0.014 [0.0607944269407949 0.0102767145929376 0.0130613476354172 0.0152240997880593 0.0114293167997641;0.0102767145929376 0.0544476156997972 0.00974395403636632 0.0132115906395618 0.0107585480456883;0.0130613476354172 0.00974395403636632 0.0562896414792593 0.0148814965167978 0.00922120003426573;0.0152240997880593 0.0132115906395618 0.0148814965167978 0.064649494907607 0.0152706318996419;0.0114293167997641 0.0107585480456883 0.00922120003426573 0.0152706318996419 0.0512769638120095]intento: 120 tiempo: 0.012 [0.0488447056442526 0.0114100874257122 0.0060859247499115 0.00890184806570014 0.00952770568523936;0.0114100874257122 0.0498613729967761 0.0102477273918141 0.0109638150611484 0.0112385088581197;0.0060859247499115 0.0102477273918141 0.0422419991944817 0.00864904365185405 0.00715143785795983;0.00890184806570014 0.0109638150611484 0.00864904365185405 0.0510390953213111 0.0111338080609071;0.00952770568523936 0.0112385088581197 0.00715143785795983 0.0111338080609071 0.04716131302336]intento: 122 tiempo: 0.02 [0.0576057550952732 0.012710188937231 0.0131584159880399 0.0126716540241307 0.015575398093195;0.012710188937231 0.0620905857270766 0.012039737715781 0.0115869690618604 0.0136498527041525;0.0131584159880399 0.012039737715781 0.0543185023459177 0.014142757763081 0.0124450524290891;0.0126716540241307 0.0115869690618604 0.014142757763081 0.0564602396793188 0.0132010953266793;0.015575398093195 0.0136498527041525 0.0124450524290891 0.0132010953266793 0.0604275905833579]intento: 124 tiempo: 0.013 [0.0560336317600469 0.0110751649442188 0.0107835947500251 0.00770616501840579 0.009760159092748;0.0110751649442188 0.0624955094715494 0.0155410918502835 0.013683858364046 0.0132276151454969;0.0107835947500251 0.0155410918502835 0.0522170741170171 0.00909176085067491 0.01412665043979;0.00770616501840579 0.013683858364046 0.00909176085067491 0.052892896572645 0.00952652221171894;0.009760159092748 0.0132276151454969 0.01412665043979 0.00952652221171894 0.0519279332856522]intento: 126 tiempo: 0.013 [0.0656090663185027 0.0136103076922059 0.0174740752397204 0.0131068685953861 0.0156410047727436;0.0136103076922059 0.0630482591299497 0.0142861854427573 0.0153686948062032 0.0128775518055638;0.0174740752397204 0.0142861854427573 0.0626087739152827 0.0166911783476073 0.0143533427845914;0.0131068685953861 0.0153686948062032 0.0166911783476073 0.0642695309422479 0.0128850143859674;0.0156410047727436 0.0128775518055638 0.0143533427845914 0.0128850143859674 0.0694772120890585]intento: 128 tiempo: 0.013 [0.05724019415521 0.0158556027492971 0.0144425036336724 0.0152607995076856 0.0137612922434723;0.0158556027492971 0.0607607482852453 0.0104384553246336 0.0135699936145786 0.0139611807103962;0.0144425036336724 0.0104384553246336 0.0587797311512592 0.0124589614374013 0.0133523545792401;0.0152607995076856 0.0135699936145786 0.0124589614374013 0.0565276084371546 0.0129683303739271;0.0137612922434723 0.0139611807103962 0.0133523545792401 0.0129683303739271 0.0549593657283848]intento: 130 tiempo: 0.013 [0.0527633420441722 0.0120360616995809 0.0128028795851695 0.00909040941517524 0.0105364585668614;0.0120360616995809 0.0599333872919318 0.0147869997953391 0.0116764901627309 0.0133781321000237;0.0128028795851695 0.0147869997953391 0.0574057387575104 0.0108030425111345 0.0142471904300706;0.00909040941517524 0.0116764901627309 0.0108030425111345 0.0533303539415164 0.00966577232870627;0.0105364585668614 0.0133781321000237 0.0142471904300706 0.00966577232870627 0.0530235496133068]intento: 132 tiempo: 0.013 [0.0547454946008306 0.0114720200276477 0.00857382532638322 0.0123499778639747 0.0141432328739411;0.0114720200276477 0.0597097138397675 0.0152375549332343 0.0156768446031174 0.0171178231396673;0.00857382532638322 0.0152375549332343 0.0636391174121538 0.0126526142529549 0.0167620392845662;0.0123499778639747 0.0156768446031174 0.0126526142529549 0.0646730272789317 0.0161661664730187;0.0141432328739411 0.0171178231396673 0.0167620392845662 0.0161661664730187 0.0639388340041582]intento: 134 tiempo: 0.013 [0.0614372853301065 0.0163040877180619 0.0127236628388095 0.0101561943391216 0.0115028016533532;0.0163040877180619 0.0609560063916359 0.0118846192700065 0.0137943951863995 0.00986158042699172;0.0127236628388095 0.0118846192700065 0.0587012155969907 0.0134165928598109 0.013540559548532;0.0101561943391216 0.0137943951863995 0.0134165928598109 0.0583456741858181 0.0124652714714746;0.0115028016533532 0.00986158042699172 0.013540559548532 0.0124652714714746 0.0530912884156612]intento: 136 tiempo: 0.013 [0.052861319470208 0.0127524146788425 0.0121435670772342 0.0128197662527146 0.0101830006016624;0.0127524146788425 0.0633224966619971 0.0170349020492186 0.0175417605901153 0.0142484108460148;0.0121435670772342 0.0170349020492186 0.0596848734916996 0.0215924657350967 0.0138695552701799;0.0128197662527146 0.0175417605901153 0.0215924657350967 0.0689118137458951 0.0174883923213897;0.0101830006016624 0.0142484108460148 0.0138695552701799 0.0174883923213897 0.0579545351757802]intento: 138 tiempo: 0.012 [0.0718290811373282 0.0181482675775271 0.0178757383401955 0.0166395878789652 0.0241874498451216;0.0181482675775271 0.072351225613834 0.0168055731682664 0.0165983756593229 0.0188636001924766;0.0178757383401955 0.0168055731682664 0.0813579867662482 0.0127766597899661 0.0271076700807437;0.0166395878789652 0.0165983756593229 0.0127766597899661 0.0704155216883709 0.0179092010988826;0.0241874498451216 0.0188636001924766 0.0271076700807437 0.0179092010988826 0.0791209989806899]intento: 140 tiempo: 0.013 [0.0465771780688297 0.00844426212363284 0.0108310626618632 0.00767721830195852 0.0104224302066786;0.00844426212363284 0.0439684819098356 0.00637833253232332 0.00692356062916207 0.00915951583829573;0.0108310626618632 0.00637833253232332 0.0453695097854335 0.0095878491737355 0.00854431950116513;0.00767721830195852 0.00692356062916207 0.0095878491737355 0.0441313655306824 0.00931173121413279;0.0104224302066786 0.00915951583829573 0.00854431950116513 0.00931173121413279 0.0478863520723205]intento: 142 tiempo: 0.014 [0.0659879484659248 0.0154492492040043 0.00902543044892426 0.0174796355151894 0.0133872001454284;0.0154492492040043 0.0641014745423873 0.0138538111191391 0.0172988345197885 0.0145221737975482;0.00902543044892426 0.0138538111191391 0.0680209355286543 0.0187087439769827 0.016867028479317;0.0174796355151894 0.0172988345197885 0.0187087439769827 0.073284372822314 0.0179673738325087;0.0133872001454284 0.0145221737975482 0.016867028479317 0.0179673738325087 0.0635644594492085]intento: 144 tiempo: 0.013 [0.0620999283737428 0.0104351581956245 0.0163148142726311 0.0154119356496872 0.0168955291334108;0.0104351581956245 0.0571291822547402 0.0131803704978949 0.0107639040782648 0.0114699457033474;0.0163148142726311 0.0131803704978949 0.0614105099413862 0.00965828967755599 0.0159475628838178;0.0154119356496872 0.0107639040782648 0.00965828967755599 0.0631512305852109 0.0142751190579149;0.0168955291334108 0.0114699457033474 0.0159475628838178 0.0142751190579149 0.0624805745996891]intento: 146 tiempo: 0.016 [0.0487695478503962 0.0107282207899133 0.0102575849658051 0.0102107718244307 0.00953000133657431;0.0107282207899133 0.0573707082027975 0.0149466098105428 0.0144221753270355 0.0119915678770075;0.0102575849658051 0.0149466098105428 0.0621483354203132 0.0137407401326242 0.0169510746822616;0.0102107718244307 0.0144221753270355 0.0137407401326242 0.0572273517248378 0.00996939400802992;0.00953000133657431 0.0119915678770075 0.0169510746822616 0.00996939400802992 0.0531950317593296]intento: 148 tiempo: 0.012 [0.0564211543604538 0.0122831797984787 0.00954831230198276 0.0119233697394607 0.0106581692050088;0.0122831797984787 0.0576027787209754 0.00990629780556364 0.0129148576799977 0.0159027570205565;0.00954831230198276 0.00990629780556364 0.0548851968856993 0.0139409842944612 0.013588426296228;0.0119233697394607 0.0129148576799977 0.0139409842944612 0.0601287296980629 0.013255503174762;0.0106581692050088 0.0159027570205565 0.013588426296228 0.013255503174762 0.0610604623886329]intento: 150 tiempo: 0.012 [0.0656507777878243 0.0169914264202303 0.0160150434348362 0.0152278874590916 0.0134773133293549;0.0169914264202303 0.0691831044624673 0.0125434808219938 0.018743848220124 0.0152346223290113;0.0160150434348362 0.0125434808219938 0.0696428540659935 0.0146941082284084 0.0178661642732971;0.0152278874590916 0.018743848220124 0.0146941082284084 0.0693994240945011 0.0146228874739562;0.0134773133293549 0.0152346223290113 0.0178661642732971 0.0146228874739562 0.0629480809288106]intento: 152 tiempo: 0.012 [0.0694483334953482 0.0126249942992862 0.0211427911678328 0.0213461715657902 0.0172884630829231;0.0126249942992862 0.0628389068467273 0.0164029192300843 0.0152474120138812 0.016973296700388;0.0211427911678328 0.0164029192300843 0.0777974149112891 0.0203447489539646 0.0171680840942261;0.0213461715657902 0.0152474120138812 0.0203447489539646 0.0678270667525592 0.0171092073908007;0.0172884630829231 0.016973296700388 0.0171680840942261 0.0171092073908007 0.0685972945952634]intento: 154 tiempo: 0.012 [0.0656586522358169 0.0135879331561968 0.0190333619437271 0.0155557313024565 0.0173884697163352;0.0135879331561968 0.0558726035459202 0.0154723120159994 0.00935248544383971 0.0136870653043301;0.0190333619437271 0.0154723120159994 0.0650595722449854 0.0156311658127585 0.0165731088932896;0.0155557313024565 0.00935248544383971 0.0156311658127585 0.0583892722279708 0.0148405518746508;0.0173884697163352 0.0136870653043301 0.0165731088932896 0.0148405518746508 0.0626222800055444]intento: 156 tiempo: 0.013 [0.05360628719983 0.00936636804151821 0.014921128364501 0.0120919188478421 0.0070319930268897;0.00936636804151821 0.0462516143669442 0.009678344414051 0.00818709068810882 0.00659554464241241;0.014921128364501 0.009678344414051 0.053966241069723 0.012346554223603 0.00952240262288058;0.0120919188478421 0.00818709068810882 0.012346554223603 0.0457702509879475 0.00637921965224421;0.0070319930268897 0.00659554464241241 0.00952240262288058 0.00637921965224421 0.0440955918200092]intento: 158 tiempo: 0.012 [0.0594995704424317 0.0147839681089362 0.010966085146298 0.0135277294998271 0.0163942966112634;0.0147839681089362 0.064713147262126 0.015163165888296 0.0125546821509576 0.0153417936093363;0.010966085146298 0.015163165888296 0.056835991232986 0.0130072781148343 0.0160797213446771;0.0135277294998271 0.0125546821509576 0.0130072781148343 0.0633937490807299 0.0168587491579009;0.0163942966112634 0.0153417936093363 0.0160797213446771 0.0168587491579009 0.0686982856751037]intento: 160 tiempo: 0.013 [0.0606939420112984 0.0161936089366613 0.0142029278318367 0.0161125872574093 0.00941026680644188;0.0161936089366613 0.0650844231164152 0.019052751313893 0.019784302985025 0.0172410419931766;0.0142029278318367 0.019052751313