intento: 2 tiempo: 0.018 [0.0323540557942227 0.00544706164910344 0.00344654168394467 0.00407894415949616 0.00433822541911346 0.00352144994991428 0.0047158684147692 0.00485096800583478;0.00544706164910344 0.0319022736530611 0.00408606890205152 0.00379943313394778 0.00528689683252803 0.00482033229331555 0.00515248084039613 0.00381579558356691;0.00344654168394467 0.00408606890205152 0.0303439842021919 0.0033984963943684 0.00423095550772547 0.00230979558760656 0.00278211354708463 0.0032073745397993;0.00407894415949616 0.00379943313394778 0.0033984963943684 0.0300834485250792 0.00507788483585122 0.00253964542892445 0.00346514911071549 0.00345726986034826;0.00433822541911346 0.00528689683252803 0.00423095550772547 0.00507788483585122 0.0316783652270023 0.0038477756645999 0.00429628879079598 0.0040140180125597;0.00352144994991428 0.00482033229331555 0.00230979558760656 0.00253964542892445 0.0038477756645999 0.0303049381086523 0.00382595585775095 0.00314203637815821;0.0047158684147692 0.00515248084039613 0.00278211354708463 0.00346514911071549 0.00429628879079598 0.00382595585775095 0.0303431369035559 0.00493655531263698;0.00485096800583478 0.00381579558356691 0.0032073745397993 0.00345726986034826 0.0040140180125597 0.00314203637815821 0.00493655531263698 0.0319849530318312]intento: 4 tiempo: 0.019 [0.0283702482307057 0.00457254969817753 0.00410945340987682 0.00337906900056567 0.00311783439049568 0.00344166522707786 0.00310677633268255 0.00496439171857239;0.00457254969817753 0.0303980994470865 0.00462081845452703 0.00357577161243941 0.00347995238416436 0.00343154199702241 0.00406981249140944 0.00543878498993949;0.00410945340987682 0.00462081845452703 0.0304871996653298 0.00430012247160008 0.00299729907228102 0.0036567648779561 0.0039358266639789 0.00471571660733058;0.00337906900056567 0.00357577161243941 0.00430012247160008 0.0285624835335368 0.00375357491067631 0.00315927444957598 0.00371500186282327 0.00385820366010772;0.00311783439049568 0.00347995238416436 0.00299729907228102 0.00375357491067631 0.027932990207066 0.00316826653956939 0.00376885077143543 0.00342582247044499;0.00344166522707786 0.00343154199702241 0.0036567648779561 0.00315927444957598 0.00316826653956939 0.029376173280344 0.00373210825262557 0.00438993780329006;0.00310677633268255 0.00406981249140944 0.0039358266639789 0.00371500186282327 0.00376885077143543 0.00373210825262557 0.0298913966660708 0.00450023050985355;0.00496439171857239 0.00543878498993949 0.00471571660733058 0.00385820366010772 0.00342582247044499 0.00438993780329006 0.00450023050985355 0.0300552939284743]intento: 6 tiempo: 0.018 [0.0273271570541775 0.00376937848759361 0.00262513141740454 0.00293198248365573 0.00296820174414651 0.00359061252078725 0.00297305991807075 0.00327437343649634;0.00376937848759361 0.0289701197582838 0.00369606614672272 0.00350114563428067 0.00392026689649284 0.00458510315820505 0.00315798817425517 0.00352327790210051;0.00262513141740454 0.00369606614672272 0.0279315075186446 0.00378747272593015 0.00350983402833457 0.00344571142124579 0.00265204176883525 0.00368956605382136;0.00293198248365573 0.00350114563428067 0.00378747272593015 0.0285183839334861 0.00420780512396478 0.00400280292948068 0.00376438003057735 0.004016134807164;0.00296820174414651 0.00392026689649284 0.00350983402833457 0.00420780512396478 0.0283410310054947 0.00503814164875974 0.00372219841003912 0.00335603466195745;0.00359061252078725 0.00458510315820505 0.00344571142124579 0.00400280292948068 0.00503814164875974 0.0292114631332948 0.00388505393170178 0.00391679244162658;0.00297305991807075 0.00315798817425517 0.00265204176883525 0.00376438003057735 0.00372219841003912 0.00388505393170178 0.0282372875830259 0.00420909110170467;0.00327437343649634 0.00352327790210051 0.00368956605382136 0.004016134807164 0.00335603466195745 0.00391679244162658 0.00420909110170467 0.0281626277366084]intento: 8 tiempo: 0.018 [0.0297934841744712 0.00274259982877842 0.00382001541601041 0.00390372645072842 0.00334078579719487 0.00442585472763019 0.00463708190758013 0.00419103805773197;0.00274259982877842 0.0295605476353406 0.00394960442388628 0.00429115289402998 0.00361337562049252 0.00336146322640658 0.00373230268483853 0.00371917787201609;0.00382001541601041 0.00394960442388628 0.0292527955446669 0.00486837118135929 0.00360648701823401 0.00353734020849943 0.00393676348704575 0.00392456481154837;0.00390372645072842 0.00429115289402998 0.00486837118135929 0.0291693273478527 0.00450652961227833 0.0028074576078288 0.00400005707010804 0.00372844169738273;0.00334078579719487 0.00361337562049252 0.00360648701823401 0.00450652961227833 0.0293504841289842 0.0031517421723109 0.003393008476619 0.00378101470246924;0.00442585472763019 0.00336146322640658 0.00353734020849943 0.0028074576078288 0.0031517421723109 0.0277699970945263 0.00341265742139836 0.00373838305952277;0.00463708190758013 0.00373230268483853 0.00393676348704575 0.00400005707010804 0.003393008476619 0.00341265742139836 0.0307193454178079 0.00383211827676062;0.00419103805773197 0.00371917787201609 0.00392456481154837 0.00372844169738273 0.00378101470246924 0.00373838305952277 0.00383211827676062 0.0305718791529757]intento: 10 tiempo: 0.02 [0.0313623237671977 0.0041573467108113 0.00443304174878295 0.00496203897717688 0.00457177137020094 0.00402367418332206 0.0048392092008007 0.00432999831701072;0.0041573467108113 0.0296846106298147 0.00336967814585174 0.00313660230326277 0.00304948713197741 0.00314290768803701 0.00353747549139151 0.00494617326225909;0.00443304174878295 0.00336967814585174 0.0301232746495662 0.00346009366064712 0.00353400296093892 0.00328887975326901 0.00315193845380656 0.00331522450931354;0.00496203897717688 0.00313660230326277 0.00346009366064712 0.029805233475266 0.00335139296437821 0.00419580359418669 0.00328094112423519 0.00372698408240355;0.00457177137020094 0.00304948713197741 0.00353400296093892 0.00335139296437821 0.0302773877442493 0.00273808337615441 0.0029054379321954 0.00319887518223432;0.00402367418332206 0.00314290768803701 0.00328887975326901 0.00419580359418669 0.00273808337615441 0.0304642424303494 0.00359433220972478 0.00546152141514363;0.0048392092008007 0.00353747549139151 0.00315193845380656 0.00328094112423519 0.0029054379321954 0.00359433220972478 0.0297396570538143 0.00448282738188216;0.00432999831701072 0.00494617326225909 0.00331522450931354 0.00372698408240355 0.00319887518223432 0.00546152141514363 0.00448282738188216 0.0306238354204681]intento: 12 tiempo: 0.018 [0.0288564354969751 0.00420095921546644 0.0042319402800321 0.00331878246670987 0.00373065119579649 0.00350143109928137 0.0040382689786304 0.00326432891312822;0.00420095921546644 0.0307781388959405 0.00451952930739316 0.00397203733727328 0.00394877011731913 0.00420489758440508 0.00387383348723819 0.00423256416127874;0.0042319402800321 0.00451952930739316 0.0302666848748708 0.00379017653927895 0.00393014496007441 0.00389171048257149 0.00339010988323695 0.00424248896650483;0.00331878246670987 0.00397203733727328 0.00379017653927895 0.0295630572576697 0.00278329746960496 0.00351792911740785 0.00266355063399869 0.00352965955836204;0.00373065119579649 0.00394877011731913 0.00393014496007441 0.00278329746960496 0.0283708315135121 0.00418637190586831 0.0028552840639734 0.00423763669415514;0.00350143109928137 0.00420489758440508 0.00389171048257149 0.00351792911740785 0.00418637190586831 0.028962596558497 0.00315219069329576 0.0039389823975918;0.0040382689786304 0.00387383348723819 0.00339010988323695 0.00266355063399869 0.0028552840639734 0.00315219069329576 0.0289093373139039 0.00305089162462202;0.00326432891312822 0.00423256416127874 0.00424248896650483 0.00352965955836204 0.00423763669415514 0.0039389823975918 0.00305089162462202 0.03093635960778]intento: 14 tiempo: 0.02 [0.0319732938601835 0.00523119195102648 0.00519959121799693 0.00365060234566627 0.00542974946690834 0.0049176888579016 0.00450586656247625 0.00430980060525009;0.00523119195102648 0.0342316146622144 0.00349553511453041 0.005878649417202 0.00515373867295179 0.00607067503205162 0.00502566650178036 0.00392601012203639;0.00519959121799693 0.00349553511453041 0.0311880282713815 0.00288444231379032 0.00412922158160986 0.00351107853938269 0.00288173657284027 0.00315410437092316;0.00365060234566627 0.005878649417202 0.00288444231379032 0.031705884418124 0.00524713915667164 0.00424965746892349 0.00455609400417821 0.00388387657126301;0.00542974946690834 0.00515373867295179 0.00412922158160986 0.00524713915667164 0.0324233820701548 0.00495003768411401 0.00518096035167597 0.00460049641212882;0.0049176888579016 0.00607067503205162 0.00351107853938269 0.00424965746892349 0.00495003768411401 0.0326954247379607 0.00388347540705685 0.00518325810003272;0.00450586656247625 0.00502566650178036 0.00288173657284027 0.00455609400417821 0.00518096035167597 0.00388347540705685 0.0316597623819085 0.00301476443620773;0.00430980060525009 0.00392601012203639 0.00315410437092316 0.00388387657126301 0.00460049641212882 0.00518325810003272 0.00301476443620773 0.0319549284617299]intento: 16 tiempo: 0.018 [0.0277823252165234 0.00310777406318628 0.00311499941652751 0.00307868927768843 0.0026022402354035 0.00367682984311937 0.00227732312819975 0.00313272207834539;0.00310777406318628 0.0290620063899351 0.00426434748625448 0.00428209613375999 0.00337591623076751 0.00380045219170892 0.00352837456552549 0.00455386798630085;0.00311499941652751 0.00426434748625448 0.0282234333075351 0.00469439090097459 0.00309146590279156 0.00302486265980733 0.00383269860122857 0.00365721722572581;0.00307868927768843 0.00428209613375999 0.00469439090097459 0.0295958247220365 0.00392259455214641 0.00414635260845724 0.00358949590392405 0.00425859065385274;0.0026022402354035 0.00337591623076751 0.00309146590279156 0.00392259455214641 0.0271031699005628 0.0035634792290997 0.00271378383718564 0.0029695347229097;0.00367682984311937 0.00380045219170892 0.00302486265980733 0.00414635260845724 0.0035634792290997 0.0287526606293101 0.00351320765944481 0.0038073148170912;0.00227732312819975 0.00352837456552549 0.00383269860122857 0.00358949590392405 0.00271378383718564 0.00351320765944481 0.0285108986686332 0.00292757445340501;0.00313272207834539 0.00455386798630085 0.00365721722572581 0.00425859065385274 0.0029695347229097 0.0038073148170912 0.00292757445340501 0.0270310034926495]intento: 18 tiempo: 0.02 [0.0284490628374894 0.00285543293711782 0.00433069286874418 0.00376691906852275 0.00264868059421049 0.00358853107995176 0.00269079732623615 0.00375524324321153;0.00285543293711782 0.0300271444266784 0.00460167296542025 0.00396742436473614 0.00210579000278986 0.00370407841637006 0.00353576931223464 0.00379915560335431;0.00433069286874418 0.00460167296542025 0.0316572181463563 0.00463417652065099 0.00419342776073678 0.00395385354053767 0.00429089398349633 0.00522559355814818;0.00376691906852275 0.00396742436473614 0.00463417652065099 0.0297360682478306 0.00348003034340718 0.00416772303423584 0.00376017997142855 0.00357661826537428;0.00264868059421049 0.00210579000278986 0.00419342776073678 0.00348003034340718 0.0299526958058358 0.0031115425194052 0.00256111384038239 0.00279975516771569;0.00358853107995176 0.00370407841637006 0.00395385354053767 0.00416772303423584 0.0031115425194052 0.029004879427148 0.0029772843606268 0.00281728563653874;0.00269079732623615 0.00353576931223464 0.00429089398349633 0.00376017997142855 0.00256111384038239 0.0029772843606268 0.0284024492963982 0.00431316476379903;0.00375524324321153 0.00379915560335431 0.00522559355814818 0.00357661826537428 0.00279975516771569 0.00281728563653874 0.00431316476379903 0.0305543468055587]intento: 20 tiempo: 0.019 [0.031514176672406 0.00469125428414319 0.00528944486836728 0.00498147643943679 0.00344473177967753 0.0038824679172552 0.00428296218659358 0.00484405174738545;0.00469125428414319 0.0298798889732135 0.00388510258150567 0.0038848350653576 0.00403756332625498 0.00469421094295113 0.00393916107445346 0.00347378669987508;0.00528944486836728 0.00388510258150567 0.0303018600917721 0.00435457426961659 0.00257792718985788 0.00456694791514091 0.00375355244033534 0.00442767126087875;0.00498147643943679 0.0038848350653576 0.00435457426961659 0.0294356487327116 0.00381735862571871 0.00394397430423504 0.00307889842387765 0.00318963948568419;0.00344473177967753 0.00403756332625498 0.00257792718985788 0.00381735862571871 0.0314772810875645 0.00458134302294404 0.00447455890199371 0.00292706245327352;0.0038824679172552 0.00469421094295113 0.00456694791514091 0.00394397430423504 0.00458134302294404 0.0303614460942859 0.00435252309732239 0.00339586537437721;0.00428296218659358 0.00393916107445346 0.00375355244033534 0.00307889842387765 0.00447455890199371 0.00435252309732239 0.0299029297553681 0.00265400016738857;0.00484405174738545 0.00347378669987508 0.00442767126087875 0.00318963948568419 0.00292706245327352 0.00339586537437721 0.00265400016738857 0.0296220226512621]intento: 22 tiempo: 0.019 [0.0292554249821211 0.00321499306966006 0.00267478543569765 0.00408715480481708 0.00258822432422004 0.00406392723838255 0.00369170059144753 0.00404098203863926;0.00321499306966006 0.0305199203187073 0.0037277682010261 0.00358273166171478 0.00335416970682014 0.00408261922967507 0.00437395443751863 0.00474968468047733;0.00267478543569765 0.0037277682010261 0.0285748829570095 0.00301854215122807 0.00335404617350613 0.00335336493307113 0.00291564088236715 0.00352269428897704;0.00408715480481708 0.00358273166171478 0.00301854215122807 0.0283669663205729 0.00341645446845121 0.00442974627800303 0.00333874508176025 0.00416750652784701;0.00258822432422004 0.00335416970682014 0.00335404617350613 0.00341645446845121 0.0281867974715689 0.00430992458251905 0.00404981283852228 0.00340967391387334;0.00406392723838255 0.00408261922967507 0.00335336493307113 0.00442974627800303 0.00430992458251905 0.030050911165172 0.00444116683088837 0.00558958736816865;0.00369170059144753 0.00437395443751863 0.00291564088236715 0.00333874508176025 0.00404981283852228 0.00444116683088837 0.0299709632362637 0.0047727837720267;0.00404098203863926 0.00474968468047733 0.00352269428897704 0.00416750652784701 0.00340967391387334 0.00558958736816865 0.0047727837720267 0.0308457221553577]intento: 24 tiempo: 0.021 [0.0286827218933963 0.002991558224183 0.0023163064286272 0.00312228094187806 0.00370104042880432 0.00301968869518428 0.00338160030312226 0.00413133286309459;0.002991558224183 0.0292094255594428 0.00388100473678224 0.00421412292474451 0.00441918188924851 0.00397611813489578 0.00505155600050483 0.00437905386022173;0.0023163064286272 0.00388100473678224 0.028318059774229 0.00269770449276217 0.00330159397836347 0.00348668206341233 0.00373780644893925 0.00272620128549502;0.00312228094187806 0.00421412292474451 0.00269770449276217 0.0300665759520054 0.00369744014529149 0.00396356398882244 0.00485266318034685 0.00441952151737371;0.00370104042880432 0.00441918188924851 0.00330159397836347 0.00369744014529149 0.0291803071104599 0.00366011864478987 0.00374741789941246 0.00332558507389847;0.00301968869518428 0.00397611813489578 0.00348668206341233 0.00396356398882244 0.00366011864478987 0.0298673522029498 0.00473398740550994 0.00392859380696881;0.00338160030312226 0.00505155600050483 0.00373780644893925 0.00485266318034685 0.00374741789941246 0.00473398740550994 0.0298143289957455 0.0044017700227904;0.00413133286309459 0.00437905386022173 0.00272620128549502 0.00441952151737371 0.00332558507389847 0.00392859380696881 0.0044017700227904 0.0292507314218429]intento: 26 tiempo: 0.019 [0.0283404198793533 0.0032788273137065 0.00285170749856041 0.00494292320903599 0.00412997745602923 0.00310082539391161 0.00362313755375267 0.00347851996004843;0.0032788273137065 0.0272553353922833 0.00417609980952546 0.0042614163791374 0.00405923987024378 0.00280645547079489 0.0032436196228071 0.00298380872943502;0.00285170749856041 0.00417609980952546 0.0284433999747306 0.00344718114811591 0.00383641324823857 0.00348978766113439 0.00310221800034031 0.00372069118810083;0.00494292320903599 0.0042614163791374 0.00344718114811591 0.0287731103717458 0.00352607492128475 0.00314515830762085 0.00368707044263889 0.00291824651413723;0.00412997745602923 0.00405923987024378 0.00383641324823857 0.00352607492128475 0.0278033235498422 0.00255565150813465 0.00347787601690409 0.00302889827443919;0.00310082539391161 0.00280645547079489 0.00348978766113439 0.00314515830762085 0.00255565150813465 0.0258108665004905 0.00335947802665577 0.0032538536688477;0.00362313755375267 0.0032436196228071 0.00310221800034031 0.00368707044263889 0.00347787601690409 0.00335947802665577 0.0276780603577351 0.00380527658602759;0.00347851996004843 0.00298380872943502 0.00372069118810083 0.00291824651413723 0.00302889827443919 0.0032538536688477 0.00380527658602759 0.0275648882739542]intento: 28 tiempo: 0.019 [0.0299961353394596 0.00412941091330699 0.00313730202626297 0.00361629777533679 0.00404459185926214 0.00368453805882631 0.00314309438967703 0.00355544570272666;0.00412941091330699 0.0321629267641806 0.00445210669469828 0.00340005031688503 0.00400827419541582 0.00509637754517871 0.00316000380616238 0.00246277350817223;0.00313730202626297 0.00445210669469828 0.032190050455425 0.00511075906054205 0.00515547051285205 0.00472397630963569 0.00400486562437603 0.00359082591109505;0.00361629777533679 0.00340005031688503 0.00511075906054205 0.0315403211800111 0.00423365726284718 0.00558016621609775 0.0042101396323873 0.00368532822637644;0.00404459185926214 0.00400827419541582 0.00515547051285205 0.00423365726284718 0.0320787872210129 0.00441458136591852 0.00402447217076447 0.00297742485463301;0.00368453805882631 0.00509637754517871 0.00472397630963569 0.00558016621609775 0.00441458136591852 0.0312804366270589 0.00402213325570237 0.00324024609734977;0.00314309438967703 0.00316000380616238 0.00400486562437603 0.0042101396323873 0.00402447217076447 0.00402213325570237 0.0304533186889433 0.00340365467489117;0.00355544570272666 0.00246277350817223 0.00359082591109505 0.00368532822637644 0.00297742485463301 0.00324024609734977 0.00340365467489117 0.0310257103634254]intento: 30 tiempo: 0.019 [0.0317289723577513 0.00508318023786598 0.00388890968384366 0.0030173428446714 0.0043459978713638 0.00325112000495259 0.00438381723669524 0.00410518155110775;0.00508318023786598 0.0303708861387533 0.00424929890023147 0.00309705744544057 0.00420899529848228 0.00340079299313761 0.00356352707968866 0.00435001114354461;0.00388890968384366 0.00424929890023147 0.029751085228301 0.00373648441168529 0.00413738586671507 0.0023725190475768 0.0037472365097074 0.00309394745551559;0.0030173428446714 0.00309705744544057 0.00373648441168529 0.0287104967970338 0.00386755939870551 0.00231541855271772 0.00417553633989051 0.0041350484449002;0.0043459978713638 0.00420899529848228 0.00413738586671507 0.00386755939870551 0.0314000012384559 0.003079950703977 0.00504846525704383 0.0038452229179278;0.00325112000495259 0.00340079299313761 0.0023725190475768 0.00231541855271772 0.003079950703977 0.0286505328313478 0.0043317265472594 0.00430005110871422;0.00438381723669524 0.00356352707968866 0.0037472365097074 0.00417553633989051 0.00504846525704383 0.0043317265472594 0.0316624763856907 0.00387265582703566;0.00410518155110775 0.00435001114354461 0.00309394745551559 0.0041350484449002 0.0038452229179278 0.00430005110871422 0.00387265582703566 0.0293300320794049]intento: 32 tiempo: 0.019 [0.0302611038613511 0.00357392744223171 0.00358948836623447 0.00371291373598904 0.00417174504216172 0.00477432897325267 0.00405958966186229 0.00369177866052358;0.00357392744223171 0.0301873388941232 0.00304227236757507 0.00432632161516419 0.0032393720821778 0.00388183360007737 0.0041634899908612 0.00374056855031776;0.00358948836623447 0.00304227236757507 0.0278202320396802 0.0034151782164817 0.00334669469850066 0.00306308589617747 0.00312056109764651 0.00268534910955008;0.00371291373598904 0.00432632161516419 0.0034151782164817 0.0302663864740589 0.00408606541199898 0.00446431493714523 0.00424056127932384 0.00404273806703309;0.00417174504216172 0.0032393720821778 0.00334669469850066 0.00408606541199898 0.027569308224971 0.00340497700515193 0.00368180875804609 0.00386300852594029;0.00477432897325267 0.00388183360007737 0.00306308589617747 0.00446431493714523 0.00340497700515193 0.0293605971649883 0.00442438133661419 0.00330938760488558;0.00405958966186229 0.0041634899908612 0.00312056109764651 0.00424056127932384 0.00368180875804609 0.00442438133661419 0.0294783974567919 0.00263012964347439;0.00369177866052358 0.00374056855031776 0.00268534910955008 0.00404273806703309 0.00386300852594029 0.00330938760488558 0.00263012964347439 0.0279201632673731]intento: 34 tiempo: 0.018 [0.0344775536293418 0.00408419130565054 0.00491827049890229 0.00537649140521402 0.00429528575003151 0.00500861701755289 0.00528596713924762 0.00514874356582295;0.00408419130565054 0.0324537524729499 0.00452501841726486 0.00488170360458669 0.0050429432805221 0.00389504660458266 0.00421719316618117 0.00381333332988301;0.00491827049890229 0.00452501841726486 0.0353312928495749 0.00656516581320483 0.00433295871267427 0.00510349133707387 0.00487100451122868 0.00437284822336663;0.00537649140521402 0.00488170360458669 0.00656516581320483 0.034056637396485 0.00423728890596667 0.00464353457478794 0.00552521576780361 0.00544364440716698;0.00429528575003151 0.0050429432805221 0.00433295871267427 0.00423728890596667 0.0342821560393134 0.00451399509512406 0.00476456499722446 0.00417843045948544;0.00500861701755289 0.00389504660458266 0.00510349133707387 0.00464353457478794 0.00451399509512406 0.0346283004251694 0.00472101787909047 0.00436593851572766;0.00528596713924762 0.00421719316618117 0.00487100451122868 0.00552521576780361 0.00476456499722446 0.00472101787909047 0.0361423864469232 0.00561272770689132;0.00514874356582295 0.00381333332988301 0.00437284822336663 0.00544364440716698 0.00417843045948544 0.00436593851572766 0.00561272770689132 0.0347778096585971]intento: 36 tiempo: 0.018 [0.0263658094899914 0.00373239099193157 0.00340958604977259 0.00386365941252127 0.00264619258318886 0.00247810278608116 0.00305600184698648 0.00311319698396342;0.00373239099193157 0.0278754304003422 0.00339284591020789 0.00418942684528912 0.0039054129017145 0.00304956281353095 0.00402101753477184 0.00341233752008223;0.00340958604977259 0.00339284591020789 0.0273373471951014 0.00350893165984319 0.00357556705787381 0.00405789127429265 0.00386536513779437 0.00422340388338912;0.00386365941252127 0.00418942684528912 0.00350893165984319 0.0290222068634011 0.00419867418240702 0.00352017799469701 0.00402994842778229 0.00397915197638322;0.00264619258318886 0.0039054129017145 0.00357556705787381 0.00419867418240702 0.029231998945174 0.00382764265904042 0.00249840289624956 0.00355481040958227;0.00247810278608116 0.00304956281353095 0.00405789127429265 0.00352017799469701 0.00382764265904042 0.0276713801186843 0.00309361058766443 0.00282648797868832;0.00305600184698648 0.00402101753477184 0.00386536513779437 0.00402994842778229 0.00249840289624956 0.00309361058766443 0.0274003455420044 0.00316941974135096;0.00311319698396342 0.00341233752008223 0.00422340388338912 0.00397915197638322 0.00355481040958227 0.00282648797868832 0.00316941974135096 0.0271392348753526]intento: 38 tiempo: 0.022 [0.0290179318678318 0.00289132743991239 0.00414414120493998 0.00362462494968761 0.00335774249988349 0.00388417545555465 0.00413392700340136 0.00389170636269517;0.00289132743991239 0.0296590414765116 0.00436478571380393 0.00398572970598207 0.00326405502970875 0.00313945001396214 0.00386478284769405 0.00436529771963337;0.00414414120493998 0.00436478571380393 0.0280574281291485 0.00437571538706137 0.00364879765227121 0.00394777094942917 0.002743392097446 0.00300811861598112;0.00362462494968761 0.00398572970598207 0.00437571538706137 0.0300192253038394 0.0044095696406612 0.00379979081057872 0.00483828131335982 0.00399922858808552;0.00335774249988349 0.00326405502970875 0.00364879765227121 0.0044095696406612 0.03018677307912 0.0033672238210729 0.00421006262433094 0.00285320466241712;0.00388417545555465 0.00313945001396214 0.00394777094942917 0.00379979081057872 0.0033672238210729 0.0281715275112337 0.00420143575145674 0.00372538784978925;0.00413392700340136 0.00386478284769405 0.002743392097446 0.00483828131335982 0.00421006262433094 0.00420143575145674 0.0295302080066238 0.00428988937649403;0.00389170636269517 0.00436529771963337 0.00300811861598112 0.00399922858808552 0.00285320466241712 0.00372538784978925 0.00428988937649403 0.0287894497664728]intento: 40 tiempo: 0.018 [0.0333759641494171 0.0046683752645209 0.0047537149617808 0.00469034227783408 0.00434252397930603 0.00472421026343633 0.00512704868543458 0.00477167544219934;0.0046683752645209 0.0311499783356557 0.00441529901229497 0.00367694951169909 0.00345741387181723 0.00466389639441721 0.00500069947427115 0.00512152133219325;0.0047537149617808 0.00441529901229497 0.0312942914221907 0.00299399330059845 0.00342553385243955 0.00492354437904188 0.00460693945962903 0.00469198486285741;0.00469034227783408 0.00367694951169909 0.00299399330059845 0.0329713622396292 0.00338291741092461 0.00372491424316607 0.00515565150013203 0.00409347990403293;0.00434252397930603 0.00345741387181723 0.00342553385243955 0.00338291741092461 0.0302697887199113 0.00361122386419033 0.00371717989568713 0.0031861166444874;0.00472421026343633 0.00466389639441721 0.00492354437904188 0.00372491424316607 0.00361122386419033 0.0310617573822273 0.00521477677080666 0.00411806808551494;0.00512704868543458 0.00500069947427115 0.00460693945962903 0.00515565150013203 0.00371717989568713 0.00521477677080666 0.0315297042238331 0.00425405036105819;0.00477167544219934 0.00512152133219325 0.00469198486285741 0.00409347990403293 0.0031861166444874 0.00411806808551494 0.00425405036105819 0.031070932564606]intento: 42 tiempo: 0.019 [0.0279513222917945 0.00369085054621832 0.00320793168830067 0.00354236685465024 0.00313919335225424 0.00345474929875991 0.00374928550810941 0.0043061512648092;0.00369085054621832 0.0275005170472854 0.00368790077157794 0.00467606295518702 0.00273758572511165 0.00399129299768849 0.00369855440472977 0.003614003290509;0.00320793168830067 0.00368790077157794 0.0270254271592525 0.00384967115251488 0.00278164588682565 0.00363112779631616 0.0032481784364204 0.00415254507157564;0.00354236685465024 0.00467606295518702 0.00384967115251488 0.0286214280505383 0.00336077272669878 0.00384245199046655 0.00312144020890903 0.00400320002518663;0.00313919335225424 0.00273758572511165 0.00278164588682565 0.00336077272669878 0.0276580049154317 0.00320465028820618 0.00291149323000542 0.00296923385368311;0.00345474929875991 0.00399129299768849 0.00363112779631616 0.00384245199046655 0.00320465028820618 0.0282859651719625 0.00301889229061128 0.00415333341362814;0.00374928550810941 0.00369855440472977 0.0032481784364204 0.00312144020890903 0.00291149323000542 0.00301889229061128 0.0290698862871576 0.00444374813368247;0.0043061512648092 0.003614003290509 0.00415254507157564 0.00400320002518663 0.00296923385368311 0.00415333341362814 0.00444374813368247 0.0300841471436224]intento: 44 tiempo: 0.018 [0.0318511108238775 0.00298937771462546 0.00491060715932447 0.00381768633340404 0.00401706843071651 0.00404843720160479 0.00437299679945836 0.00347855974790984;0.00298937771462546 0.0297149198375577 0.00389778074734547 0.00361597116283061 0.00230475417918169 0.00316394886118439 0.00263832093697138 0.00274441590911269;0.00491060715932447 0.00389778074734547 0.0322943965190024 0.00583461719371217 0.00357414982765003 0.00515991653084228 0.00418582455008149 0.00503615754070972;0.00381768633340404 0.00361597116283061 0.00583461719371217 0.0324980663508299 0.00537810938593036 0.00523390060248256 0.00433651420286506 0.00523314683333899;0.00401706843071651 0.00230475417918169 0.00357414982765003 0.00537810938593036 0.0313756821087882 0.00427506692295511 0.0048957225470189 0.00441197602766026;0.00404843720160479 0.00316394886118439 0.00515991653084228 0.00523390060248256 0.00427506692295511 0.0311505333644777 0.00362338025321868 0.00416087987030701;0.00437299679945836 0.00263832093697138 0.00418582455008149 0.00433651420286506 0.0048957225470189 0.00362338025321868 0.0325090325444554 0.00456655360853712;0.00347855974790984 0.00274441590911269 0.00503615754070972 0.00523314683333899 0.00441197602766026 0.00416087987030701 0.00456655360853712 0.0319745145146933]intento: 46 tiempo: 0.019 [0.0281618120212266 0.00267271777290513 0.00386084333143191 0.00364193366645817 0.00432594048472812 0.00438231980475455 0.00402364788387763 0.00417217480291866;0.00267271777290513 0.0301227489211846 0.00355490570240264 0.00319983849218484 0.0032719968784942 0.00389767311706624 0.00319235052637008 0.00294245675945513;0.00386084333143191 0.00355490570240264 0.0291518495050732 0.00286788262488568 0.00378882579435606 0.00365046822893839 0.00411820849900216 0.00401161476181535;0.00364193366645817 0.00319983849218484 0.00286788262488568 0.0303208667306007 0.00378687852422627 0.00423669571342903 0.00365541371772703 0.00350179485153643;0.00432594048472812 0.0032719968784942 0.00378882579435606 0.00378687852422627 0.0296541957428098 0.00463265798140552 0.00445521194149501 0.00459221487278739;0.00438231980475455 0.00389767311706624 0.00365046822893839 0.00423669571342903 0.00463265798140552 0.029216369680383 0.00455088619487452 0.00441511188501174;0.00402364788387763 0.00319235052637008 0.00411820849900216 0.00365541371772703 0.00445521194149501 0.00455088619487452 0.0307930764877601 0.00379135089097984;0.00417217480291866 0.00294245675945513 0.00401161476181535 0.00350179485153643 0.00459221487278739 0.00441511188501174 0.00379135089097984 0.0308874939163851]intento: 48 tiempo: 0.019 [0.0282415891306272 0.00338487462309411 0.00399560579675428 0.00387931683128953 0.00330874773009268 0.00481019118040206 0.00343272124097138 0.00245676049607114;0.00338487462309411 0.0286878761074839 0.00348861256841832 0.00506442451667173 0.00385213787023483 0.00464900449300475 0.00452366390144475 0.00393463748057857;0.00399560579675428 0.00348861256841832 0.0297513436312146 0.00419642506777113 0.00415695252215069 0.00438030679273725 0.00364959994922708 0.00348541847404491;0.00387931683128953 0.00506442451667173 0.00419642506777113 0.0298530723135604 0.00375442068947888 0.00472628631318677 0.00290597091071154 0.00212323417580142;0.00330874773009268 0.00385213787023483 0.00415695252215069 0.00375442068947888 0.0289993889236575 0.00417133039078164 0.00343973713471065 0.00232814139388177;0.00481019118040206 0.00464900449300475 0.00438030679273725 0.00472628631318677 0.00417133039078164 0.0317977545462149 0.00344152839391945 0.0033958222949608;0.00343272124097138 0.00452366390144475 0.00364959994922708 0.00290597091071154 0.00343973713471065 0.00344152839391945 0.0292207002772933 0.00227897925848535;0.00245676049607114 0.00393463748057857 0.00348541847404491 0.00212323417580142 0.00232814139388177 0.0033958222949608 0.00227897925848535 0.027651658767988]intento: 50 tiempo: 0.019 [0.028476639371158 0.00346545589696341 0.00343632251298437 0.0033257827547389 0.00486854126036485 0.00417885067702629 0.0036316006498726 0.0043564923639325;0.00346545589696341 0.0276811850981953 0.00283610456334044 0.00239889206227714 0.00349798595080449 0.0040398289310057 0.00285270627799088 0.00309169229778262;0.00343632251298437 0.00283610456334044 0.0272030563837409 0.00295857911892608 0.00346619515883266 0.003601190558516 0.00291763049262505 0.00328120350572582;0.0033257827547389 0.00239889206227714 0.00295857911892608 0.0282215405997178 0.00378591145257322 0.00312133943835981 0.00432239574291031 0.00395563306203566;0.00486854126036485 0.00349798595080449 0.00346619515883266 0.00378591145257322 0.0281062159249493 0.0042336575382625 0.00318185675717511 0.00348814875321703;0.00417885067702629 0.0040398289310057 0.003601190558516 0.00312133943835981 0.0042336575382625 0.0284328284236305 0.00329025748298946 0.00314998863104897;0.0036316006498726 0.00285270627799088 0.00291763049262505 0.00432239574291031 0.00318185675717511 0.00329025748298946 0.0271073440089713 0.0034751813044348;0.0043564923639325 0.00309169229778262 0.00328120350572582 0.00395563306203566 0.00348814875321703 0.00314998863104897 0.0034751813044348 0.0281865457275449]intento: 52 tiempo: 0.019 [0.0275419483076522 0.00325022257768426 0.00333055519511105 0.00298868019142548 0.00275797930972793 0.00243726592368923 0.00392464618351024 0.00275963788255844;0.00325022257768426 0.0286644102650992 0.00292709408012641 0.00420956826899598 0.00437628593906813 0.00289327185121658 0.00379197704138806 0.00443861926260809;0.00333055519511105 0.00292709408012641 0.0267254086739117 0.00345562853291762 0.00331299412880532 0.00379521370052954 0.00414094644988226 0.00332388420039756;0.00298868019142548 0.00420956826899598 0.00345562853291762 0.0295130481725317 0.00299798929480957 0.00407949040070409 0.0036636591030551 0.00376259023918488;0.00275797930972793 0.00437628593906813 0.00331299412880532 0.00299798929480957 0.0279484872414101 0.00336970952060248 0.00428627101214606 0.00237135746297117;0.00243726592368923 0.00289327185121658 0.00379521370052954 0.00407949040070409 0.00336970952060248 0.0270937040810547 0.00384181734939987 0.0025439558656394;0.00392464618351024 0.00379197704138806 0.00414094644988226 0.0036636591030551 0.00428627101214606 0.00384181734939987 0.0275864546586076 0.0038221403019698;0.00275963788255844 0.00443861926260809 0.00332388420039756 0.00376259023918488 0.00237135746297117 0.0025439558656394 0.0038221403019698 0.0283474886484732]intento: 54 tiempo: 0.018 [0.031791101814418 0.00332088910823736 0.00475144360974545 0.00377449389328877 0.00391231756309122 0.00319420996907101 0.00269481006710887 0.0030877906525311;0.00332088910823736 0.030849557646202 0.00417984693989193 0.00359683138652114 0.00372683653256917 0.00292794258112691 0.00374498981531053 0.0027707197811353;0.00475144360974545 0.00417984693989193 0.0325760579959411 0.00418599191599346 0.00587781089402825 0.00519774469068366 0.00521362849797596 0.0051011355687128;0.00377449389328877 0.00359683138652114 0.00418599191599346 0.0332647541534658 0.00531486275352161 0.00359812556481355 0.00466517057407932 0.00499243844964835;0.00391231756309122 0.00372683653256917 0.00587781089402825 0.00531486275352161 0.0319619575647005 0.00457409445163631 0.00555838495475663 0.00333291575992836;0.00319420996907101 0.00292794258112691 0.00519774469068366 0.00359812556481355 0.00457409445163631 0.0322189519512755 0.0045141303806948 0.0046118338356746;0.00269481006710887 0.00374498981531053 0.00521362849797596 0.00466517057407932 0.00555838495475663 0.0045141303806948 0.0327086828179705 0.00488574915806688;0.0030877906525311 0.0027707197811353 0.0051011355687128 0.00499243844964835 0.00333291575992836 0.0046118338356746 0.00488574915806688 0.0308715737897503]intento: 56 tiempo: 0.018 [0.0307620242835999 0.00456069031152222 0.00236768046573939 0.00444379225560735 0.00353176489773197 0.0050211970296029 0.0037640200615229 0.00355828737052136;0.00456069031152222 0.0322616253128304 0.00356751552556674 0.00495332700385813 0.00325434897973586 0.00471336638389328 0.00537783690426229 0.00453845538486218;0.00236768046573939 0.00356751552556674 0.0333073026473377 0.00535722883483881 0.00476380027633753 0.00522514604530827 0.00427002933072996 0.00521416990832435;0.00444379225560735 0.00495332700385813 0.00535722883483881 0.0333871220909916 0.00424315180314733 0.00407715791224708 0.00442569443435084 0.00496977592024263;0.00353176489773197 0.00325434897973586 0.00476380027633753 0.00424315180314733 0.0323677793788958 0.00333916253517306 0.00462441171507547 0.00489284946188806;0.0050211970296029 0.00471336638389328 0.00522514604530827 0.00407715791224708 0.00333916253517306 0.0331828816543949 0.0039632393855609 0.00458499527083002;0.0037640200615229 0.00537783690426229 0.00427002933072996 0.00442569443435084 0.00462441171507547 0.0039632393855609 0.0336983666195255 0.00530916845857294;0.00355828737052136 0.00453845538486218 0.00521416990832435 0.00496977592024263 0.00489284946188806 0.00458499527083002 0.00530916845857294 0.0329295469685884]intento: 58 tiempo: 0.019 [0.031856379677202 0.0027475850275154 0.00384736574093547 0.00383588815598194 0.00408238013667791 0.00375456354636809 0.00429937267929057 0.00414253368508524;0.0027475850275154 0.0321516719654109 0.00403497118811323 0.00287388638512132 0.00434553103290222 0.00373547428482152 0.00408807572809152 0.00395420297319966;0.00384736574093547 0.00403497118811323 0.0305504653944234 0.0032775098742005 0.00492214342137118 0.00476613060540775 0.00359517122699449 0.00316555616580577;0.00383588815598194 0.00287388638512132 0.0032775098742005 0.0303770970830691 0.00487662597147094 0.00405372903893222 0.00398462396125242 0.00472644903694776;0.00408238013667791 0.00434553103290222 0.00492214342137118 0.00487662597147094 0.0335232891866624 0.00449911943380193 0.00508452561883561 0.00499034901520164;0.00375456354636809 0.00373547428482152 0.00476613060540775 0.00405372903893222 0.00449911943380193 0.0312814302844511 0.00489618467562112 0.00330359200013601;0.00429937267929057 0.00408807572809152 0.00359517122699449 0.00398462396125242 0.00508452561883561 0.00489618467562112 0.0327125802887692 0.00486731904718467;0.00414253368508524 0.00395420297319966 0.00316555616580577 0.00472644903694776 0.00499034901520164 0.00330359200013601 0.00486731904718467 0.0331535924850326]intento: 60 tiempo: 0.019 [0.0283356027247525 0.00390986057130765 0.00343794023527202 0.00279779378254252 0.00268765245109307 0.0043567180942796 0.00387631837192733 0.00397239595347143;0.00390986057130765 0.0277113279781521 0.00299176408215375 0.00256119347426273 0.00288174466145627 0.00385969559063221 0.0038657744987255 0.00309179169582224;0.00343794023527202 0.00299176408215375 0.0268062838867261 0.00321514557646815 0.00386071693671654 0.00351862258869314 0.0028921099549059 0.00319787020537569;0.00279779378254252 0.00256119347426273 0.00321514557646815 0.026208342637085 0.00275303241583317 0.00393470963580399 0.00352501786774035 0.00326133045130781;0.00268765245109307 0.00288174466145627 0.00386071693671654 0.00275303241583317 0.0267643185138497 0.00381848988321599 0.00437459190109539 0.00297009629041053;0.0043567180942796 0.00385969559063221 0.00351862258869314 0.00393470963580399 0.00381848988321599 0.0277162249430598 0.00458834956025111 0.00350055666867806;0.00387631837192733 0.0038657744987255 0.0028921099549059 0.00352501786774035 0.00437459190109539 0.00458834956025111 0.0293448007538409 0.00447715389149137;0.00397239595347143 0.00309179169582224 0.00319787020537569 0.00326133045130781 0.00297009629041053 0.00350055666867806 0.00447715389149137 0.0285594201348707]intento: 62 tiempo: 0.018 [0.0272390176778131 0.00293251430628164 0.00373749039154801 0.00306848999008687 0.00345349108041668 0.00410294401351107 0.0027356153205071 0.0034548785104482;0.00293251430628164 0.0267244820798295 0.00387833749472257 0.00371097703988334 0.00335549772888347 0.00386428221464228 0.00357117083612655 0.00276754696801398;0.00373749039154801 0.00387833749472257 0.0275429232077886 0.0037523429271718 0.00391261105007431 0.00373944625730666 0.00387664294421272 0.0033600573377452;0.00306848999008687 0.00371097703988334 0.0037523429271718 0.0286645896136012 0.00431707363951384 0.00358747881070062 0.00379097285856457 0.00384830503752439;0.00345349108041668 0.00335549772888347 0.00391261105007431 0.00431707363951384 0.028807805963684 0.00408540888423717 0.00463195942485145 0.00401257882037963;0.00410294401351107 0.00386428221464228 0.00373944625730666 0.00358747881070062 0.00408540888423717 0.0284105886666491 0.00356806046616091 0.00306621827381863;0.0027356153205071 0.00357117083612655 0.00387664294421272 0.00379097285856457 0.00463195942485145 0.00356806046616091 0.0286475429202782 0.00337314788211007;0.0034548785104482 0.00276754696801398 0.0033600573377452 0.00384830503752439 0.00401257