intento: 2 tiempo: 0.013 [0.0424872947146178 0.00877602757759332 0.0112522093666838 0.00714307430787906 0.00824763593323655 0.00699823854614448;0.00877602757759332 0.0447484089860338 0.0112299630388933 0.00723952817191458 0.0055661108339541 0.00416126173850313;0.0112522093666838 0.0112299630388933 0.0485684137515956 0.00900899511486803 0.00686926139880581 0.00689495330620744;0.00714307430787906 0.00723952817191458 0.00900899511486803 0.0413218598992225 0.00610414235500996 0.00562181073342759;0.00824763593323655 0.0055661108339541 0.00686926139880581 0.00610414235500996 0.042690985702946 0.00453608178640012;0.00699823854614448 0.00416126173850313 0.00689495330620744 0.00562181073342759 0.00453608178640012 0.0375967559903644]intento: 4 tiempo: 0.014 [0.0415618262629737 0.00430561401915489 0.00728962166830134 0.00672797240310175 0.0085932028653342 0.00797730596686708;0.00430561401915489 0.0450283206259424 0.00580132290663696 0.00635719726011816 0.00637470497857139 0.00789790875302232;0.00728962166830134 0.00580132290663696 0.0485232790329676 0.0102432102049421 0.0101602930074074 0.00991575075684972;0.00672797240310175 0.00635719726011816 0.0102432102049421 0.0490357975890848 0.00733310973600497 0.00786083233107673;0.0085932028653342 0.00637470497857139 0.0101602930074074 0.00733310973600497 0.0449620469539835 0.00904087505226066;0.00797730596686708 0.00789790875302232 0.00991575075684972 0.00786083233107673 0.00904087505226066 0.0453213804300068]intento: 6 tiempo: 0.013 [0.0462149752251864 0.00853092517481206 0.00799638896172119 0.00929265079617136 0.00776263068403209 0.00758763930972542;0.00853092517481206 0.0486229037408532 0.00903185330821597 0.0101473001454839 0.0106885403865473 0.00854957881723097;0.00799638896172119 0.00903185330821597 0.0422115393175137 0.00854446555737803 0.00796478852469791 0.00825626125992734;0.00929265079617136 0.0101473001454839 0.00854446555737803 0.0457663427043327 0.00917788930101344 0.00742887444431181;0.00776263068403209 0.0106885403865473 0.00796478852469791 0.00917788930101344 0.0465392749345356 0.00718349190989727;0.00758763930972542 0.00854957881723097 0.00825626125992734 0.00742887444431181 0.00718349190989727 0.0430570626016908]intento: 8 tiempo: 0.013 [0.0509256507565903 0.00899130822316944 0.0125244732958817 0.0117738515286717 0.00934860394918568 0.00971646385002139;0.00899130822316944 0.0500411949105612 0.010254027152334 0.0106436194977146 0.00758892490297035 0.00905726820185727;0.0125244732958817 0.010254027152334 0.0471022139852536 0.0110082279761161 0.00858278188124612 0.00844884340884432;0.0117738515286717 0.0106436194977146 0.0110082279761161 0.0497817078323573 0.00944080102502449 0.00763496574524785;0.00934860394918568 0.00758892490297035 0.00858278188124612 0.00944080102502449 0.0448561027411514 0.00522242736907105;0.00971646385002139 0.00905726820185727 0.00844884340884432 0.00763496574524785 0.00522242736907105 0.0447370737315769]intento: 10 tiempo: 0.013 [0.0395821201870181 0.00535188311900614 0.00651020772888292 0.00744305371471994 0.00673255865604478 0.00605144044892747;0.00535188311900614 0.0407040618970568 0.00502831359934211 0.00824069960028104 0.00644577216853971 0.00667056879059877;0.00651020772888292 0.00502831359934211 0.0404458873356554 0.00915289557710314 0.00838593430193656 0.00691691566583716;0.00744305371471994 0.00824069960028104 0.00915289557710314 0.0419298398963325 0.00758932256477008 0.00871512222807933;0.00673255865604478 0.00644577216853971 0.00838593430193656 0.00758932256477008 0.039165101453619 0.00706318949363088;0.00605144044892747 0.00667056879059877 0.00691691566583716 0.00871512222807933 0.00706318949363088 0.0412239436862449]intento: 12 tiempo: 0.013 [0.0413692977526344 0.00798272887876414 0.00863288513668427 0.00737056460991529 0.00692497083084919 0.00704287850287898;0.00798272887876414 0.0411031995063139 0.00875209953723494 0.00847765318956648 0.00742911138642158 0.00790858124198887;0.00863288513668427 0.00875209953723494 0.0413113464738071 0.00917922419542628 0.0078439564524468 0.00845083951136584;0.00737056460991529 0.00847765318956648 0.00917922419542628 0.0444400336107847 0.00505057111768118 0.0060981394344904;0.00692497083084919 0.00742911138642158 0.0078439564524468 0.00505057111768118 0.0391349969433726 0.00711222801099578;0.00704287850287898 0.00790858124198887 0.00845083951136584 0.0060981394344904 0.00711222801099578 0.04163372247642]intento: 14 tiempo: 0.012 [0.0463162724545356 0.0108281108849863 0.00858218202329836 0.00998366908652014 0.00677885471055285 0.00950327236777476;0.0108281108849863 0.0457266386017307 0.00694164036753713 0.00932335681867089 0.00774983320918937 0.00895534261373197;0.00858218202329836 0.00694164036753713 0.0449712849003674 0.0106208174692991 0.00893902145587509 0.0108385844278954;0.00998366908652014 0.00932335681867089 0.0106208174692991 0.0471234525327101 0.00787591800139268 0.00936387318198874;0.00677885471055285 0.00774983320918937 0.00893902145587509 0.00787591800139268 0.0421331012668593 0.0081076661848715;0.00950327236777476 0.00895534261373197 0.0108385844278954 0.00936387318198874 0.0081076661848715 0.0480364327264422]intento: 16 tiempo: 0.013 [0.0378431845443943 0.00733729774122013 0.00661449960458844 0.00745904145887851 0.00766414319583587 0.00660348743777935;0.00733729774122013 0.0370630650726206 0.005571407061567 0.00595248299668011 0.00680591175358509 0.00639317456156279;0.00661449960458844 0.005571407061567 0.0402628282405805 0.00731498899475984 0.00640475173074618 0.00593939818367368;0.00745904145887851 0.00595248299668011 0.00731498899475984 0.0405558409620987 0.00750491884557822 0.00577399936502435;0.00766414319583587 0.00680591175358509 0.00640475173074618 0.00750491884557822 0.0416058453831165 0.00773514524914973;0.00660348743777935 0.00639317456156279 0.00593939818367368 0.00577399936502435 0.00773514524914973 0.0392241896179216]intento: 18 tiempo: 0.013 [0.0463606718150655 0.00912768849761502 0.00990180674487033 0.00919129367660498 0.00624715365747613 0.00600503280283198;0.00912768849761502 0.042800555494389 0.00676705102548271 0.0078265571143103 0.00745894906745571 0.00515629460528403;0.00990180674487033 0.00676705102548271 0.0433471476446581 0.00998076499527772 0.009188614661796 0.0057951354578042;0.00919129367660498 0.0078265571143103 0.00998076499527772 0.0443859328998836 0.00916831886369502 0.0056474957716561;0.00624715365747613 0.00745894906745571 0.009188614661796 0.00916831886369502 0.0447188492485092 0.00651269600046003;0.00600503280283198 0.00515629460528403 0.0057951354578042 0.0056474957716561 0.00651269600046003 0.0393642456297468]intento: 20 tiempo: 0.013 [0.0419829304480275 0.00832835758542564 0.00809511782541115 0.00847516194295947 0.00642348426595989 0.0066681041051591;0.00832835758542564 0.0436695615525806 0.00791060654750163 0.00878134615475091 0.00960844203964988 0.007345931374227;0.00809511782541115 0.00791060654750163 0.0436246602252794 0.00841966914427705 0.00864362161189754 0.0068227050104629;0.00847516194295947 0.00878134615475091 0.00841966914427705 0.0426233600025363 0.00681941867661188 0.00628259428441639;0.00642348426595989 0.00960844203964988 0.00864362161189754 0.00681941867661188 0.0415126851517224 0.00835430629361387;0.0066681041051591 0.007345931374227 0.0068227050104629 0.00628259428441639 0.00835430629361387 0.0432528994288967]intento: 22 tiempo: 0.013 [0.0515886182126514 0.0103595390955813 0.0107057788598418 0.00754615415343341 0.0115332790932255 0.00995886518083981;0.0103595390955813 0.0524689126192255 0.011508363954409 0.0100755117064358 0.0115320240398805 0.0101322721529395;0.0107057788598418 0.011508363954409 0.0549485497840414 0.00839274309124495 0.0142251724563016 0.00930556641180363;0.00754615415343341 0.0100755117064358 0.00839274309124495 0.0546222157607334 0.0109843005213853 0.0116456819232471;0.0115332790932255 0.0115320240398805 0.0142251724563016 0.0109843005213853 0.054113744927406 0.00844374757579463;0.00995886518083981 0.0101322721529395 0.00930556641180363 0.0116456819232471 0.00844374757579463 0.0516109377852415]intento: 24 tiempo: 0.013 [0.0393304606899389 0.00829830825515007 0.00660176410218557 0.00527374043311276 0.00577869960991243 0.00491083083804812;0.00829830825515007 0.0407214167590276 0.00922508351287604 0.00786997778121125 0.00891412243819926 0.0065520688618942;0.00660176410218557 0.00922508351287604 0.0379032919061646 0.006433844808795 0.00743853950517853 0.00498487557868672;0.00527374043311276 0.00786997778121125 0.006433844808795 0.0388123251582334 0.00590137742583187 0.00511036779348581;0.00577869960991243 0.00891412243819926 0.00743853950517853 0.00590137742583187 0.0382527238392111 0.00506775720941832;0.00491083083804812 0.0065520688618942 0.00498487557868672 0.00511036779348581 0.00506775720941832 0.034945924220911]intento: 26 tiempo: 0.014 [0.0497604438790502 0.00781274976206958 0.0101517093653323 0.00832760928192443 0.0132935052119228 0.00882068249711995;0.00781274976206958 0.0547931283805321 0.0133373245737807 0.0104767779214774 0.0110062017405317 0.0104438406232122;0.0101517093653323 0.0133373245737807 0.054893160494876 0.0102911774312953 0.0147513388774829 0.0107409052623159;0.00832760928192443 0.0104767779214774 0.0102911774312953 0.0538674951453978 0.0112075680720589 0.011708887974906;0.0132935052119228 0.0110062017405317 0.0147513388774829 0.0112075680720589 0.0624528144419135 0.0123579788231377;0.00882068249711995 0.0104438406232122 0.0107409052623159 0.011708887974906 0.0123579788231377 0.0528946629826488]intento: 28 tiempo: 0.014 [0.0447790117854659 0.00887401584168599 0.00637349859007981 0.00678581215198265 0.0095324321769547 0.0089884377835081;0.00887401584168599 0.0478193946709261 0.0049272178723572 0.00720264574824711 0.0101814504693887 0.0110974137256009;0.00637349859007981 0.0049272178723572 0.0443054868355545 0.00606260014642267 0.00915003529547801 0.00583737306824344;0.00678581215198265 0.00720264574824711 0.00606260014642267 0.0451853768108347 0.01054541006624 0.0073652298798079;0.0095324321769547 0.0101814504693887 0.00915003529547801 0.01054541006624 0.0508583706536424 0.011341878873746;0.0089884377835081 0.0110974137256009 0.00583737306824344 0.0073652298798079 0.011341878873746 0.0510336724543538]intento: 30 tiempo: 0.013 [0.042806533361037 0.00857908695381685 0.0082865065306924 0.00914194187878857 0.00635602926934037 0.00747587920861423;0.00857908695381685 0.0436636036005145 0.00625809273271633 0.00852958521948098 0.00497946134880413 0.00663543343702298;0.0082865065306924 0.00625809273271633 0.0402172247208977 0.00728794989579476 0.0066463368458381 0.00698206859638575;0.00914194187878857 0.00852958521948098 0.00728794989579476 0.0423365694151086 0.00729140935937022 0.00770891129905771;0.00635602926934037 0.00497946134880413 0.0066463368458381 0.00729140935937022 0.038509858328282 0.00566389573778629;0.00747587920861423 0.00663543343702298 0.00698206859638575 0.00770891129905771 0.00566389573778629 0.0396386494859281]intento: 32 tiempo: 0.012 [0.0404387333047702 0.00789217989703032 0.00662536243947598 0.00859812969423315 0.00654776863591748 0.00564728892040673;0.00789217989703032 0.0461737487711338 0.00881535109533334 0.00792595378145395 0.00861818868884806 0.00939190217172964;0.00662536243947598 0.00881535109533334 0.0445432293152016 0.00669885001726405 0.00731802654548718 0.00838343974833154;0.00859812969423315 0.00792595378145395 0.00669885001726405 0.0432470957044362 0.00806524345978986 0.00672493087242642;0.00654776863591748 0.00861818868884806 0.00731802654548718 0.00806524345978986 0.0466562646558206 0.00986216842820465;0.00564728892040673 0.00939190217172964 0.00838343974833154 0.00672493087242642 0.00986216842820465 0.0468214113570493]intento: 34 tiempo: 0.014 [0.0488529719226317 0.00695027610017012 0.00731415276344083 0.00628542558148551 0.00584356030480179 0.0101821319825949;0.00695027610017012 0.0480172102990145 0.0106985312205784 0.00983317223212293 0.0065379661836932 0.0103121703940208;0.00731415276344083 0.0106985312205784 0.0498778598058913 0.00971290669720667 0.00909477555567072 0.00892199277152141;0.00628542558148551 0.00983317223212293 0.00971290669720667 0.0474163131333618 0.0100562298445158 0.00933497061355738;0.00584356030480179 0.0065379661836932 0.00909477555567072 0.0100562298445158 0.0456863352767406 0.0077906797960088;0.0101821319825949 0.0103121703940208 0.00892199277152141 0.00933497061355738 0.0077906797960088 0.046020719119238]intento: 36 tiempo: 0.013 [0.0426557634993289 0.00725345549042138 0.0066710873165468 0.00769809374237794 0.00797571548206821 0.00919414495438955;0.00725345549042138 0.0432219966627475 0.00835663984978328 0.00861942526943673 0.0100627689898646 0.00922437598924983;0.0066710873165468 0.00835663984978328 0.0474573311280781 0.00755273273821016 0.0114827599467162 0.0104996658332186;0.00769809374237794 0.00861942526943673 0.00755273273821016 0.0478592533833083 0.00884840929391914 0.00863822729211356;0.00797571548206821 0.0100627689898646 0.0114827599467162 0.00884840929391914 0.0522513504315821 0.0141966933945035;0.00919414495438955 0.00922437598924983 0.0104996658332186 0.00863822729211356 0.0141966933945035 0.0538003936585872]intento: 38 tiempo: 0.013 [0.0427262450747352 0.00756075091021036 0.00860164446901554 0.00653713840795326 0.0063337017202231 0.00832751601016584;0.00756075091021036 0.0429205307419409 0.00780121740351866 0.0075352223816298 0.00593814907433194 0.00621322892508602;0.00860164446901554 0.00780121740351866 0.0436675100823433 0.00999745799013265 0.00896134702756728 0.00783606759854857;0.00653713840795326 0.0075352223816298 0.00999745799013265 0.043308801906661 0.00718915677706213 0.00906022037339372;0.0063337017202231 0.00593814907433194 0.00896134702756728 0.00718915677706213 0.0424224362586459 0.00896687407572551;0.00832751601016584 0.00621322892508602 0.00783606759854857 0.00906022037339372 0.00896687407572551 0.042632570209365]intento: 40 tiempo: 0.013 [0.0397170170064999 0.00587500974417384 0.00625456511033983 0.00630619318179246 0.00740009099594882 0.00589706452105578;0.00587500974417384 0.039421602483806 0.00742103217559849 0.00748733035547047 0.00806193115590165 0.00583499330489317;0.00625456511033983 0.00742103217559849 0.0375830477222048 0.00738284489566651 0.00862540392067749 0.00780139352365722;0.00630619318179246 0.00748733035547047 0.00738284489566651 0.0394667025536244 0.00875331471270972 0.00414363110422721;0.00740009099594882 0.00806193115590165 0.00862540392067749 0.00875331471270972 0.042903980104908 0.00689159836237409;0.00589706452105578 0.00583499330489317 0.00780139352365722 0.00414363110422721 0.00689159836237409 0.037484424998213]intento: 42 tiempo: 0.014 [0.0412617354077613 0.00900852356104478 0.00679130346138547 0.00595472532537624 0.00956390341957521 0.00716973939113757;0.00900852356104478 0.0402235980399055 0.00763099592936814 0.0062201306208768 0.00748201663062423 0.00892111441656696;0.00679130346138547 0.00763099592936814 0.0371045632231644 0.00488064848416465 0.00648141566746361 0.00613140184865807;0.00595472532537624 0.0062201306208768 0.00488064848416465 0.0382742147480676 0.00764610753001408 0.00628099533698701;0.00956390341957521 0.00748201663062423 0.00648141566746361 0.00764610753001408 0.0427278415691494 0.00835771697337942;0.00716973939113757 0.00892111441656696 0.00613140184865807 0.00628099533698701 0.00835771697337942 0.0421100078963644]intento: 44 tiempo: 0.013 [0.0456342108420488 0.00859467338061326 0.00831229515133994 0.00808234750207739 0.00710791319400754 0.0108677390223219;0.00859467338061326 0.0516701812588307 0.0103690570626927 0.00960843045837849 0.0104329206592795 0.0114427278056014;0.00831229515133994 0.0103690570626927 0.0463207072521638 0.00750731013742584 0.00664366607177022 0.00930304533621315;0.00808234750207739 0.00960843045837849 0.00750731013742584 0.0489465285643314 0.00751803745666827 0.00995187007578524;0.00710791319400754 0.0104329206592795 0.00664366607177022 0.00751803745666827 0.0460186753167898 0.00965633330613604;0.0108677390223219 0.0114427278056014 0.00930304533621315 0.00995187007578524 0.00965633330613604 0.0511190521413801]intento: 46 tiempo: 0.013 [0.0515927540418505 0.0121576470401886 0.0106621947853545 0.0123340182845719 0.007878251427577 0.0118219177029042;0.0121576470401886 0.05102574551025 0.0098906178655868 0.00973912629559569 0.00513818786540294 0.00981844465440404;0.0106621947853545 0.0098906178655868 0.0484544444095211 0.00965424857089616 0.00606633205430216 0.010339796499188;0.0123340182845719 0.00973912629559569 0.00965424857089616 0.0498256173029966 0.00660887655497398 0.0100301311615429;0.007878251427577 0.00513818786540294 0.00606633205430216 0.00660887655497398 0.0459621664141778 0.0080047130207356;0.0118219177029042 0.00981844465440404 0.010339796499188 0.0100301311615429 0.0080047130207356 0.0486864910543607]intento: 48 tiempo: 0.012 [0.0356296962818509 0.00571173726701579 0.00604728753079578 0.00597490506128521 0.00654299999464929 0.0046462424400089;0.00571173726701579 0.0368725066714858 0.0069561311684064 0.0070430494912406 0.00634537900676449 0.00453415228054581;0.00604728753079578 0.0069561311684064 0.0363574447443602 0.0072208695785142 0.00752735199368655 0.00647696132149527;0.00597490506128521 0.0070430494912406 0.0072208695785142 0.0371834333266021 0.00647538551013888 0.00611055015138282;0.00654299999464929 0.00634537900676449 0.00752735199368655 0.00647538551013888 0.0370386107328379 0.00633354278326881;0.0046462424400089 0.00453415228054581 0.00647696132149527 0.00611055015138282 0.00633354278326881 0.0351874197062199]intento: 50 tiempo: 0.014 [0.0395084040193965 0.00616466184765822 0.00639100782560042 0.0060864861048016 0.00829929190531036 0.00687216904889756;0.00616466184765822 0.0468682218480451 0.00967328767876542 0.0104339756759378 0.00655003685004922 0.00903818389982058;0.00639100782560042 0.00967328767876542 0.0468160040971238 0.00577385228688861 0.0101281401950505 0.00844739233866526;0.0060864861048016 0.0104339756759378 0.00577385228688861 0.0447817197322484 0.00533575717961875 0.00823369071370217;0.00829929190531036 0.00655003685004922 0.0101281401950505 0.00533575717961875 0.0470993356570219 0.00806213349141289;0.00687216904889756 0.00903818389982058 0.00844739233866526 0.00823369071370217 0.00806213349141289 0.0473096451803407]intento: 52 tiempo: 0.014 [0.0421853905543631 0.00820060093280475 0.00629251924063672 0.00834856024469767 0.00735204562653051 0.00942836296715619;0.00820060093280475 0.0376027854524928 0.00789005793710721 0.00635634626742049 0.00497963777586976 0.00777548927336785;0.00629251924063672 0.00789005793710721 0.0397577101198084 0.00565052303741682 0.00473381681705178 0.00841052283393051;0.00834856024469767 0.00635634626742049 0.00565052303741682 0.0433277219776943 0.0058410122508679 0.00882638647913121;0.00735204562653051 0.00497963777586976 0.00473381681705178 0.0058410122508679 0.0395972802759684 0.00636497144511642;0.00942836296715619 0.00777548927336785 0.00841052283393051 0.00882638647913121 0.00636497144511642 0.0430484750731867]intento: 54 tiempo: 0.013 [0.0473265147445316 0.00958098034167735 0.0107810618755735 0.00921240631415528 0.00730537010305793 0.00681397529599496;0.00958098034167735 0.0481508902911999 0.0126745369683714 0.00969239066003417 0.0102887548366884 0.00718799111717825;0.0107810618755735 0.0126745369683714 0.055555556478989 0.00858739276358622 0.0108395648655672 0.011156815832597;0.00921240631415528 0.00969239066003417 0.00858739276358622 0.0457808145648012 0.0067301538591242 0.00709781340620402;0.00730537010305793 0.0102887548366884 0.0108395648655672 0.0067301538591242 0.0532084559299996 0.00947813536982659;0.00681397529599496 0.00718799111717825 0.011156815832597 0.00709781340620402 0.00947813536982659 0.0495091287108826]intento: 56 tiempo: 0.013 [0.04281996418287 0.00697341148548656 0.00703872189892836 0.007661659467799 0.00641038807439366 0.00831807079272105;0.00697341148548656 0.0407213861022495 0.00997854274297234 0.00833139133724654 0.00604648074460098 0.00798806577692058;0.00703872189892836 0.00997854274297234 0.0433503885302027 0.00892729031329432 0.00669867075799701 0.00700325237677177;0.007661659467799 0.00833139133724654 0.00892729031329432 0.0412353311236317 0.00634771654724268 0.00872848164015939;0.00641038807439366 0.00604648074460098 0.00669867075799701 0.00634771654724268 0.0415738158281176 0.00827141629866071;0.00831807079272105 0.00798806577692058 0.00700325237677177 0.00872848164015939 0.00827141629866071 0.0439812390523161]intento: 58 tiempo: 0.011 [0.0422484847284262 0.00719794888523593 0.00923940721339595 0.00666329548206607 0.00623706324093015 0.00778124391760893;0.00719794888523593 0.0445949597080989 0.0107183899305482 0.00961130993124913 0.00811780158655175 0.00855436144295634;0.00923940721339595 0.0107183899305482 0.0499595031994644 0.0108356615548902 0.00884628488874767 0.0108913756720965;0.00666329548206607 0.00961130993124913 0.0108356615548902 0.0450302029140904 0.00774876217148668 0.00978725387795954;0.00623706324093015 0.00811780158655175 0.00884628488874767 0.00774876217148668 0.0432548506605621 0.00889279283010756;0.00778124391760893 0.00855436144295634 0.0108913756720965 0.00978725387795954 0.00889279283010756 0.0456358817535231]intento: 60 tiempo: 0.013 [0.0395320209212082 0.00601343024181497 0.00516566081466649 0.00583474747320744 0.00739245250426834 0.00656415213300624;0.00601343024181497 0.0398665040816636 0.00709866219754189 0.00832821773430464 0.00698494363132633 0.00666441827500661;0.00516566081466649 0.00709866219754189 0.0398225168676772 0.0092659398143041 0.00695452089478844 0.00681879084136802;0.00583474747320744 0.00832821773430464 0.0092659398143041 0.0431941465541244 0.00875425450627176 0.00889667100953346;0.00739245250426834 0.00698494363132633 0.00695452089478844 0.00875425450627176 0.0415151052930394 0.00729133963511451;0.00656415213300624 0.00666441827500661 0.00681879084136802 0.00889667100953346 0.00729133963511451 0.0420168593259722]intento: 62 tiempo: 0.025 [0.0409677660595158 0.00836969069038448 0.0079256636333208 0.00678019463205972 0.00839143533472979 0.00691269094854931;0.00836969069038448 0.0409607919101727 0.00642017821250312 0.00655209382006995 0.00796716040601408 0.00863533393939003;0.0079256636333208 0.00642017821250312 0.0407405779039278 0.00749959097258567 0.00520072329524965 0.00533788341987794;0.00678019463205972 0.00655209382006995 0.00749959097258567 0.0398819055045885 0.00774618705255247 0.00691897841415162;0.00839143533472979 0.00796716040601408 0.00520072329524965 0.00774618705255247 0.0409793347022835 0.00627653408798157;0.00691269094854931 0.00863533393939003 0.00533788341987794 0.00691897841415162 0.00627653408798157 0.0399442013836194]intento: 64 tiempo: 0.014 [0.0463604948246747 0.0112447723675192 0.00935542818351619 0.00714330439851597 0.00856083861648328 0.00925762995398314;0.0112447723675192 0.0493110585891522 0.00923077603360848 0.00739043470966263 0.00668380918225265 0.0102207449319478;0.00935542818351619 0.00923077603360848 0.0485185559168258 0.00870900926430535 0.00922291010975308 0.00963747805025723;0.00714330439851597 0.00739043470966263 0.00870900926430535 0.0420373450800711 0.00762812882338556 0.00870713467071528;0.00856083861648328 0.00668380918225265 0.00922291010975308 0.00762812882338556 0.0454792480185383 0.0083179861763108;0.00925762995398314 0.0102207449319478 0.00963747805025723 0.00870713467071528 0.0083179861763108 0.0492819131839446]intento: 66 tiempo: 0.018 [0.0452923008780438 0.00855548266141952 0.00731927215495518 0.00735684659884906 0.00805742737430384 0.00827949094534397;0.00855548266141952 0.040383048065503 0.00825128739180697 0.0060294236442319 0.0070377863762035 0.00820125182578978;0.00731927215495518 0.00825128739180697 0.0409730830014175 0.0077604123561101 0.00709279559710705 0.00809504637819004;0.00735684659884906 0.0060294236442319 0.0077604123561101 0.0398149483667361 0.00569194472340518 0.00617087778346762;0.00805742737430384 0.0070377863762035 0.00709279559710705 0.00569194472340518 0.0423725299524847 0.0073465158341775;0.00827949094534397 0.00820125182578978 0.00809504637819004 0.00617087778346762 0.0073465158341775 0.0443002043549678]intento: 68 tiempo: 0.014 [0.0459820491877969 0.00896470882332963 0.00699799403532614 0.00667938924998268 0.00697542365362407 0.0093352743923466;0.00896470882332963 0.0415606892569944 0.00669718345790701 0.00896814299117776 0.00604586335619703 0.00883900901702456;0.00699799403532614 0.00669718345790701 0.0427503287140899 0.00710633959040925 0.00457945270066658 0.00916105185901154;0.00667938924998268 0.00896814299117776 0.00710633959040925 0.0408815449537733 0.00376302074420629 0.00862834281236339;0.00697542365362407 0.00604586335619703 0.00457945270066658 0.00376302074420629 0.0367200077118185 0.00593367408255141;0.0093352743923466 0.00883900901702456 0.00916105185901154 0.00862834281236339 0.00593367408255141 0.044294611123938]intento: 70 tiempo: 0.014 [0.0374760763328589 0.00656656998303007 0.00599995836692692 0.00670336641257176 0.00588746062195611 0.00590518459728369;0.00656656998303007 0.0390680286205027 0.00574163716484855 0.00755119974899861 0.00612033921397888 0.0057927143117871;0.00599995836692692 0.00574163716484855 0.0379967242065428 0.00806569601598841 0.00545098209505489 0.0070939391709021;0.00670336641257176 0.00755119974899861 0.00806569601598841 0.0431259647401496 0.00949397747315363 0.00838233384285083;0.00588746062195611 0.00612033921397888 0.00545098209505489 0.00949397747315363 0.0432192196051127 0.00822905486251914;0.00590518459728369 0.0057927143117871 0.0070939391709021 0.00838233384285083 0.00822905486251914 0.0402657750514544]intento: 72 tiempo: 0.014 [0.0426462454840193 0.00663613558291063 0.00838053900471113 0.00742073047943937 0.00800687131474183 0.00739874470226185;0.00663613558291063 0.0405679027923485 0.00739793218289777 0.00758458683865271 0.00522568555397972 0.00759383320599299;0.00838053900471113 0.00739793218289777 0.0396539294534026 0.00719214842394993 0.00783170311840715 0.00632653024630143;0.00742073047943937 0.00758458683865271 0.00719214842394993 0.041883206095565 0.00924142164869483 0.00644893367632267;0.00800687131474183 0.00522568555397972 0.00783170311840715 0.00924142164869483 0.0422046460025838 0.00885325524099389;0.00739874470226185 0.00759383320599299 0.00632653024630143 0.00644893367632267 0.00885325524099389 0.0428081617091972]intento: 74 tiempo: 0.013 [0.037859684137782 0.00741039151135514 0.00673207992566971 0.00761124204935197 0.00557385661658798 0.00636820563831632;0.00741039151135514 0.0421365339994337 0.00616998941765446 0.00910326797763993 0.00730074317171052 0.00721613416073489;0.00673207992566971 0.00616998941765446 0.0374899475823441 0.00633796035330161 0.00606658951304338 0.00759294148555775;0.00761124204935197 0.00910326797763993 0.00633796035330161 0.0411376475424333 0.00723397621711518 0.00629716670911138;0.00557385661658798 0.00730074317171052 0.00606658951304338 0.00723397621711518 0.0377440853209514 0.00599962289429194;0.00636820563831632 0.00721613416073489 0.00759294148555775 0.00629716670911138 0.00599962289429194 0.0401487831129345]intento: 76 tiempo: 0.013 [0.0389435172215555 0.00804911328410599 0.00609225604148479 0.0066153965700649 0.00613568783758201 0.00772656737248359;0.00804911328410599 0.0399403185397994 0.0063976578265727 0.00768039060050705 0.00657886674094188 0.00807594905268543;0.00609225604148479 0.0063976578265727 0.0364386349904985 0.00678984885766102 0.0052993749247699 0.00743157082377368;0.0066153965700649 0.00768039060050705 0.00678984885766102 0.0423841896680836 0.00613535440896973 0.00740073327921371;0.00613568783758201 0.00657886674094188 0.0052993749247699 0.00613535440896973 0.0360826416963829 0.00697068239623594;0.00772656737248359 0.00807594905268543 0.00743157082377368 0.00740073327921371 0.00697068239623594 0.0394651370335548]intento: 78 tiempo: 0.014 [0.0390614324209271 0.00647297394906656 0.00707158650898074 0.00675945133427565 0.00665992776882922 0.00653255953639931;0.00647297394906656 0.0434457674631441 0.00736129857714372 0.00665439942814919 0.00860365969017954 0.0081475056852683;0.00707158650898074 0.00736129857714372 0.0405684772040449 0.00693661666293412 0.00741148948343107 0.00706721098349464;0.00675945133427565 0.00665439942814919 0.00693661666293412 0.0389068887931034 0.00836580418607707 0.00886421548645027;0.00665992776882922 0.00860365969017954 0.00741148948343107 0.00836580418607707 0.0384171586344864 0.00607924318087335;0.00653255953639931 0.0081475056852683 0.00706721098349464 0.00886421548645027 0.00607924318087335 0.0439135501463633]intento: 80 tiempo: 0.013 [0.0545459879131889 0.0102254482309545 0.00867371570053932 0.00989719405312149 0.0083836451173493 0.0125637533246029;0.0102254482309545 0.0532411442966402 0.00802704126431107 0.0110394243044997 0.0118781347821808 0.0141929962104884;0.00867371570053932 0.00802704126431107 0.0527449301026919 0.00747299502908099 0.0100529325644541 0.0108769868974375;0.00989719405312149 0.0110394243044997 0.00747299502908099 0.0507749300385072 0.00962395249164479 0.012731498802583;0.0083836451173493 0.0118781347821808 0.0100529325644541 0.00962395249164479 0.0526137051282084 0.0128981067867492;0.0125637533246029 0.0141929962104884 0.0108769868974375 0.012731498802583 0.0128981067867492 0.0550590389757478]intento: 82 tiempo: 0.012 [0.0437097146888354 0.00730160814777517 0.00828530934216843 0.00691112134103976 0.00875977906261586 0.00644754845682604;0.00730160814777517 0.0408039861309594 0.00450763421583178 0.00518277215327861 0.00615948014943163 0.00618562565358005;0.00828530934216843 0.00450763421583178 0.0432132827744325 0.00525950009906584 0.00721302672785096 0.00620532971494979;0.00691112134103976 0.00518277215327861 0.00525950009906584 0.0402046566933071 0.0072180239498818 0.00583686451460396;0.00875977906261586 0.00615948014943163 0.00721302672785096 0.0072180239498818 0.0401811756517086 0.0085677351687349;0.00644754845682604 0.00618562565358005 0.00620532971494979 0.00583686451460396 0.0085677351687349 0.0402043580906899]intento: 84 tiempo: 0.013 [0.0448110782150691 0.0101010451213244 0.00830740710964909 0.00938651514158275 0.00889051599300674 0.00824784199926905;0.0101010451213244 0.0474954616877687 0.00843245136629776 0.0103487493390413 0.00693153743551815 0.0110709120905247;0.00830740710964909 0.00843245136629776 0.0430863272362318 0.00540512598299143 0.00596797975755886 0.00987583798169407;0.00938651514158275 0.0103487493390413 0.00540512598299143 0.0414453997257237 0.00695440093486967 0.00863819019573083;0.00889051599300674 0.00693153743551815 0.00596797975755886 0.00695440093486967 0.0423963878840172 0.00577031461534135;0.00824784199926905 0.0110709120905247 0.00987583798169407 0.00863819019573083 0.00577031461534135 0.045117493607001]intento: 86 tiempo: 0.013 [0.0501211392250952 0.00646481903274028 0.00773187374493139 0.00769704988425043 0.0122670162929077 0.00876074932905756;0.00646481903274028 0.0458738256291785 0.00605856458960326 0.00837337855478556 0.00930989245480821 0.00675513218285288;0.00773187374493139 0.00605856458960326 0.0471922341246602 0.009675421902278 0.0115091063122044 0.00892181855849539;0.00769704988425043 0.00837337855478556 0.009675421902278 0.0520457847571002 0.0131369010288344 0.00970223635822442;0.0122670162929077 0.00930989245480821 0.0115091063122044 0.0131369010288344 0.0551394160506988 0.0128476293986178;0.00876074932905756 0.00675513218285288 0.00892181855849539 0.00970223635822442 0.0128476293986178 0.0504374723023411]intento: 88 tiempo: 0.013 [0.0438190349540525 0.00663730713813271 0.0101845487453144 0.0073868490533926 0.00870008736471966 0.00799290397226952;0.00663730713813271 0.0436835989772084 0.00817016083767517 0.00726523937992247 0.00904662717158203 0.0099121213593006;0.0101845487453144 0.00817016083767517 0.0456658087378585 0.0103558055619791 0.00976049079807297 0.00909458217223046;0.0073868490533926 0.00726523937992247 0.0103558055619791 0.0455794998602883 0.00939852965506733 0.0102565470153858;0.00870008736471966 0.00904662717158203 0.00976049079807297 0.00939852965506733 0.0447309593678708 0.00698287679145133;0.00799290397226952 0.0099121213593006 0.00909458217223046 0.0102565470153858 0.00698287679145133 0.0499524904760508]intento: 90 tiempo: 0.013 [0.039503782307532 0.00818332531109692 0.00580231192779701 0.00692676375847853 0.00599255805558069 0.00748555981910246;0.00818332531109692 0.0427819949647234 0.00904074633983668 0.00944896739463016 0.00846920546720605 0.00648437447692463;0.00580231192779701 0.00904074633983668 0.0427370678843514 0.00796617006205056 0.00739528985849065 0.00743122008927918;0.00692676375847853 0.00944896739463016 0.00796617006205056 0.0420124932606709 0.0104600437291342 0.00845220824393055;0.00599255805558069 0.00846920546720605 0.00739528985849065 0.0104600437291342 0.04324758485232 0.00812256711737691;0.00748555981910246 0.00648437447692463 0.00743122008927918 0.00845220824393055 0.00812256711737691 0.0440457704280186]intento: 92 tiempo: 0.012 [0.0500492367491829 0.0103646227990387 0.00926242994120104 0.0125495383447023 0.0115197419917775 0.0104097864645336;0.0103646227990387 0.0480328390032654 0.00889415959810907 0.0094946398600071 0.0100389791805959 0.00831988798337601;0.00926242994120104 0.00889415959810907 0.0471508562526248 0.00789848160475406 0.00840234167848836 0.00829201869679097;0.0125495383447023 0.0094946398600071 0.00789848160475406 0.0468595353986701 0.012039153503571 0.0114656891813221;0.0115197419917775 0.0100389791805959 0.00840234167848836 0.012039153503571 0.0508385062267587 0.0102388501133016;0.0104097864645336 0.00831988798337601 0.00829201869679097 0.0114656891813221 0.0102388501133016 0.0486894488846164]intento: 94 tiempo: 0.013 [0.0366773133398229 0.00548012533105449 0.00835302172547149 0.00615510910938207 0.00528504375059033 0.00569226557194341;0.00548012533105449 0.0386137142069738 0.0084623091596195 0.00635230090756389 0.00580728518381718 0.00421250313434692;0.00835302172547149 0.0084623091596195 0.0416909300924561 0.00902411789228384 0.00738469257469234 0.00758584039586551;0.00615510910938207 0.00635230090756389 0.00902411789228384 0.0398736960313433 0.00656085839331192 0.00485075591767226;0.00528504375059033 0.00580728518381718 0.00738469257469234 0.00656085839331192 0.038829138880162 0.00442231118531512;0.00569226557194341 0.00421250313434692 0.00758584039586551 0.00485075591767226 0.00442231118531512 0.0367294230106365]intento: 96 tiempo: 0.013 [0.0494036035099469 0.00870799522199894 0.00986299048843293 0.00669020284655662 0.0118365146843133 0.0108469769267621;0.00870799522199894 0.0468261661957855 0.00905888277968535 0.00788431175876891 0.00996610901099997 0.00947768043486269;0.00986299048843293 0.00905888277968535 0.0485044421666422 0.00796850962626156 0.0114002622878052 0.0109377324898995;0.00669020284655662 0.00788431175876891 0.00796850962626156 0.0459480745265291 0.0101766908067903 0.00801827150064415;0.0118365146843133 0.00996610901099997 0.0114002622878052 0.0101766908067903 0.0495811593575374 0.00942809454332307;0.0108469769267621 0.00947768043486269 0.0109377324898995 0.00801827150064415 0.00942809454332307 0.0487193634891157]intento: 98 tiempo: 0.013 [0.0411311691286181 0.00828410409210615 0.00761602000555204 0.0063853836748493 0.00448154819756268 0.00719282653097349;0.00828410409210615 0.0455630480453411 0.00686922155594041 0.0101747250731603 0.00845574002831055 0.0092913177171279;0.00761602000555204 0.00686922155594041 0.0431208464949791 0.00822678429832125 0.00478225967297023 0.00841824365739492;0.0063853836748493 0.0101747250731603 0.00822678429832125 0.0437835550312218 0.00589492611140549 0.00923390719991876;0.00448154819756268 0.00845574002831055 0.00478225967297023 0.00589492611140549 0.0389146361283595 0.00597961356841335;0.00719282653097349 0.0092913177171279 0.00841824365739492 0.00923390719991876 0.00597961356841335 0.0456073854075626]intento: 100 tiempo: 0.013 [0.0445708373071457 0.00483588890179615 0.00814148372053236 0.00656554553948087 0.00733293150010463 0.00740382391183923;0.00483588890179615 0.0475882268779773 0.00842988865312662 0.0107295764445019 0.00511932088538192 0.0103232365982548;0.00814148372053236 0.00842988865312662 0.0480550977278253 0.00969211120426782 0.00708938277949612 0.00972539384395211;0.00656554553948087 0.0107295764445019 0.00969211120426782 0.0490563272127043 0.0071286995137503 0.0110170604359365;0.00733293150010463 0.00511932088538192 0.00708938277949612 0.0071286995137503 0.0432399782003097 0.00731641194022338;0.00740382391183923 0.0103232365982548 0.00972539384395211 0.0110170604359365 0.00731641194022338 0.0488380029844777]intento: 102 tiempo: 0.013 [0.0419373844354448 0.00627876074816698 0.00686974056437524 0.0055011728701387 0.00655276908149577 0.00707242190687237;0.00627876074816698 0.0452939473246315 0.0126502128979828 0.00729924881294019 0.00984624224402634 0.00907902012307833;0.00686974056437524 0.0126502128979828 0.0499508190415526 0.0100037346858872 0.0103131842625087 0.00940678907589795;0.0055011728701387 0.00729924881294019 0.0100037346858872 0.0434966510302319 0.00750045553767742 0.00780847704292084;0.00655276908149577 0.00984624224402634 0.0103131842625087 0.00750045553767742 0.0435601364782465 0.00571597739375144;0.00707242190687237 0.00907902012307833 0.00940678907589795 0.00780847704292084 0.00571597739375144 0.0472504607832013]intento: 104 tiempo: 0.013 [0.0459762688135298 0.00967185521295758 0.0110134827416722 0.00554935458390291 0.00945686325578991 0.00916292900314605;0.00967185521295758 0.0455076617080266 0.00933829737055186 0.00677545627924845 0.0100183995409944 0.00777549760048224;0.0110134827416722 0.00933829737055186 0.0472488540554422 0.00554145261442027 0.00914420670809909 0.0105056679117953;0.00554935458390291 0.00677545627924845 0.00554145261442027 0.0411419259438391 0.00878886713915707 0.00460694840083025;0.00945686325578991 0.0100183995409944 0.00914420670809909 0.00878886713915707 0.0456085900469178 0.00980705717598281;0.00916292900314605 0.00777549760048224 0.0105056679117953 0.00460694840083025 0.00980705717598281 0.046196749469598]intento: 106 tiempo: 0.013 [0.0477585376211514 0.0074017543762298 0.00687840940727972 0.00946377519319773 0.00824208081289187 0.00788507746059465;0.0074017543762298 0.0453688101454351 0.00547823509875498 0.0100175431106805 0.00807431675919079 0.00721963716301048;0.00687840940727972 0.00547823509875498 0.0459847800198635 0.00803305245548263 0.00740065623149694 0.00735189131952587;0.00946377519319773 0.0100175431106805 0.00803305245548263 0.0479009466631148 0.00998178523194643 0.0073852059681783;0.00824208081289187 0.00807431675919079 0.00740065623149694 0.00998178523194643 0.0458822369597055 0.00574452926845858;0.00788507746059465 0.00721963716301048 0.00735189131952587 0.0073852059681783 0.00574452926845858 0.0434757267727796]intento: 108 tiempo: 0.014 [0.0487358039139709 0.00906952310952827 0.0116391895168694 0.00693796323217704 0.00926507006656798 0.00873558388863165;0.00906952310952827 0.045768432468491 0.00825101870627703 0.00708862148054406 0.0104018095238951 0.00982607590013794;0.0116391895168694 0.00825101870627703 0.0487024233469112 0.00745960810793022 0.00762501999225081 0.0106195134136505;0.00693796323217704 0.00708862148054406 0.00745960810793022 0.04520425619046 0.00936476928573728 0.00816949613194695;0.00926507006656798 0.0104018095238951 0.00762501999225081 0.00936476928573728 0.0470423190506218 0.0108247442550767;0.00873558388863165 0.00982607590013794 0.0106195134136505 0.00816949613194695 0.0108247442550767 0.0476755143836844]intento: 110 tiempo: 0.012 [0.0501989134036647 0.00702801602060718 0.00734397872283943 0.0121369164017077 0.00993919569237197 0.00989892787020885;0.00702801602060718 0.0452123351329486 0.00682510311914422 0.00838787122003192 0.00638740185273249 0.00893856588992551;0.00734397872283943 0.00682510311914422 0.0424941172045003 0.0086546270156091 0.00629551794395925 0.00