intento: 2 tiempo: 0.015 [0.0356835763550404 0.00644123751387586 0.00402898689717038 0.00521645578207853 0.00486005273875242 0.00690595564990523 0.00434554018544729;0.00644123751387586 0.0355464857859932 0.00517069425756148 0.00584371135255142 0.00562555682400311 0.00586975178035602 0.00468477490084263;0.00402898689717038 0.00517069425756148 0.0331918463280258 0.00524873368940449 0.00422660280942885 0.00557907564784569 0.00470117368875505;0.00521645578207853 0.00584371135255142 0.00524873368940449 0.0342568468549947 0.00585634905633165 0.00652831346143709 0.00556828411621565;0.00486005273875242 0.00562555682400311 0.00422660280942885 0.00585634905633165 0.0359488163589761 0.0054153422663383 0.0048845463415149;0.00690595564990523 0.00586975178035602 0.00557907564784569 0.00652831346143709 0.0054153422663383 0.0393932377113151 0.00746341683416492;0.00434554018544729 0.00468477490084263 0.00470117368875505 0.00556828411621565 0.0048845463415149 0.00746341683416492 0.0346954701977224]intento: 4 tiempo: 0.016 [0.0320367142613103 0.00450709887662032 0.00567988931206821 0.00409331883595447 0.00586884135810196 0.00497754388450098 0.00422735942151128;0.00450709887662032 0.0297061142412256 0.00384640628110774 0.00303600433560648 0.00481306416934026 0.00312099650093514 0.0045696148457757;0.00567988931206821 0.00384640628110774 0.0299562313854872 0.00439814251910042 0.00486535333368208 0.00492615865780424 0.00305559031889193;0.00409331883595447 0.00303600433560648 0.00439814251910042 0.0304338402776119 0.00353417899710063 0.0049396264440659 0.00374930449685345;0.00586884135810196 0.00481306416934026 0.00486535333368208 0.00353417899710063 0.0305350360573077 0.00554991916080786 0.00395686668798271;0.00497754388450098 0.00312099650093514 0.00492615865780424 0.0049396264440659 0.00554991916080786 0.0301981985605857 0.00442886148544524;0.00422735942151128 0.0045696148457757 0.00305559031889193 0.00374930449685345 0.00395686668798271 0.00442886148544524 0.0310529117714543]intento: 6 tiempo: 0.014 [0.0421632100107314 0.00599949285060278 0.00765633317870013 0.0076910078671281 0.00565552408017211 0.00552924107015709 0.00705275543573448;0.00599949285060278 0.0410297608216944 0.00789702901819541 0.00626680895182764 0.00525596701311492 0.00452658787582638 0.00706704222999796;0.00765633317870013 0.00789702901819541 0.0412833924686107 0.00801612312744768 0.00641165775436226 0.00618957388969839 0.00694521173911103;0.0076910078671281 0.00626680895182764 0.00801612312744768 0.0408399942036613 0.00579747902343962 0.00646520870213365 0.0076327693684539;0.00565552408017211 0.00525596701311492 0.00641165775436226 0.00579747902343962 0.040173402410646 0.0046965799333711 0.00895882751189816;0.00552924107015709 0.00452658787582638 0.00618957388969839 0.00646520870213365 0.0046965799333711 0.0392420133881933 0.00654941409335406;0.00705275543573448 0.00706704222999796 0.00694521173911103 0.0076327693684539 0.00895882751189816 0.00654941409335406 0.0450603513752295]intento: 8 tiempo: 0.015 [0.0359925216212866 0.00543055084620205 0.00497147916167816 0.00556701753189042 0.00418087247206541 0.00493941155463243 0.00623253425412602;0.00543055084620205 0.0390396671547661 0.00587350903452986 0.00695658738492184 0.0044777204243256 0.00590623293661321 0.0054393792469767;0.00497147916167816 0.00587350903452986 0.0356075238526848 0.00531007298769965 0.00464355062999363 0.00518081875125406 0.00596346676307486;0.00556701753189042 0.00695658738492184 0.00531007298769965 0.0397188514646095 0.00583479511584934 0.00640411502559164 0.00648365267106214;0.00418087247206541 0.0044777204243256 0.00464355062999363 0.00583479511584934 0.0354205466560995 0.00431425126170297 0.00502438409661244;0.00493941155463243 0.00590623293661321 0.00518081875125406 0.00640411502559164 0.00431425126170297 0.0388402538695321 0.00610931316031235;0.00623253425412602 0.0054393792469767 0.00596346676307486 0.00648365267106214 0.00502438409661244 0.00610931316031235 0.0374931925324896]intento: 10 tiempo: 0.014 [0.0334836443503395 0.00538431850992343 0.00376723258484546 0.00383245896160669 0.00404360341861061 0.00447111690239689 0.00423514703303846;0.00538431850992343 0.0372533488634987 0.00474707924643184 0.00741754864645258 0.00578781838195018 0.00653921007434993 0.00691552657499193;0.00376723258484546 0.00474707924643184 0.0313806244999467 0.00418410712188126 0.00443945920619906 0.00422999371766928 0.00336861636526946;0.00383245896160669 0.00741754864645258 0.00418410712188126 0.0343057727940705 0.00480025531242708 0.00525176500191375 0.005976459431058;0.00404360341861061 0.00578781838195018 0.00443945920619906 0.00480025531242708 0.0337670235482678 0.00415200804941973 0.00472358545541463;0.00447111690239689 0.00653921007434993 0.00422999371766928 0.00525176500191375 0.00415200804941973 0.0324140947932305 0.00427183704165951;0.00423514703303846 0.00691552657499193 0.00336861636526946 0.005976459431058 0.00472358545541463 0.00427183704165951 0.0325210070095544]intento: 12 tiempo: 0.014 [0.0399824438858872 0.00737811927090861 0.00638048862450056 0.00684156393420857 0.00559171408339508 0.00694092092597743 0.00499720459718798;0.00737811927090861 0.040590450198001 0.00583598770083801 0.00685474577061449 0.00764683891271405 0.0081135504811743 0.0064862802095539;0.00638048862450056 0.00583598770083801 0.0403474352114801 0.00521871814411898 0.00802478504968126 0.00580429390345461 0.00521346446384975;0.00684156393420857 0.00685474577061449 0.00521871814411898 0.0400189998999429 0.0069289852610084 0.00752488859993732 0.0042242401767511;0.00559171408339508 0.00764683891271405 0.00802478504968126 0.0069289852610084 0.041252203409352 0.00768781367938035 0.00536515646717697;0.00694092092597743 0.0081135504811743 0.00580429390345461 0.00752488859993732 0.00768781367938035 0.0397770894211939 0.00753634824782314;0.00499720459718798 0.0064862802095539 0.00521346446384975 0.0042242401767511 0.00536515646717697 0.00753634824782314 0.0425158534243047]intento: 14 tiempo: 0.017 [0.0325700755094738 0.00459237647463478 0.00479139668776414 0.0065538374426532 0.00411660405423297 0.00477030905089889 0.00505210765387524;0.00459237647463478 0.0351143986573906 0.00640862336688903 0.00489023279839607 0.00488239278754811 0.00547833185240273 0.00494305570539426;0.00479139668776414 0.00640862336688903 0.0319801583234427 0.00457831787300894 0.00378955861482395 0.00444963669662231 0.00389142177010946;0.0065538374426532 0.00489023279839607 0.00457831787300894 0.0342052725236039 0.00437158664415955 0.00541551946997343 0.00533348080553263;0.00411660405423297 0.00488239278754811 0.00378955861482395 0.00437158664415955 0.0325199165065325 0.00483178966387303 0.00430543470935434;0.00477030905089889 0.00547833185240273 0.00444963669662231 0.00541551946997343 0.00483178966387303 0.0322923001540187 0.0042840693002408;0.00505210765387524 0.00494305570539426 0.00389142177010946 0.00533348080553263 0.00430543470935434 0.0042840693002408 0.0346552882780297]intento: 16 tiempo: 0.014 [0.0339321935987133 0.00458758829360147 0.00503144859781856 0.00438386518199655 0.0066495019963041 0.00597946654720677 0.00542822119437134;0.00458758829360147 0.0344632368299049 0.00470633197742906 0.00446413400581221 0.00446324055351096 0.00396299439489391 0.0047656381306839;0.00503144859781856 0.00470633197742906 0.0336625886348654 0.00494130168592077 0.00583644480889081 0.00481067254776644 0.00512774000960898;0.00438386518199655 0.00446413400581221 0.00494130168592077 0.0316837933152478 0.0046188711311951 0.00295283123545444 0.00437483863774068;0.0066495019963041 0.00446324055351096 0.00583644480889081 0.0046188711311951 0.0353916612065038 0.00519310535090079 0.0056746252060378;0.00597946654720677 0.00396299439489391 0.00481067254776644 0.00295283123545444 0.00519310535090079 0.0343907963244848 0.00341456081972589;0.00542822119437134 0.0047656381306839 0.00512774000960898 0.00437483863774068 0.0056746252060378 0.00341456081972589 0.0338149817838717]intento: 18 tiempo: 0.015 [0.0363771825382108 0.00477037283814644 0.00537828320489271 0.00656868794754455 0.00755185189160673 0.00538949149228632 0.00463207147337015;0.00477037283814644 0.0358237170526304 0.0059408965331634 0.00464731547546764 0.00706058633238733 0.00445676464325738 0.00542258514999901;0.00537828320489271 0.0059408965331634 0.0389684061525394 0.00641732927436794 0.00823242703683838 0.00656690074782366 0.00630355881628305;0.00656868794754455 0.00464731547546764 0.00641732927436794 0.0378626514249647 0.00849679034933099 0.00697602474497713 0.00677176694129127;0.00755185189160673 0.00706058633238733 0.00823242703683838 0.00849679034933099 0.0402229610530101 0.00520224921746856 0.00568891646298764;0.00538949149228632 0.00445676464325738 0.00656690074782366 0.00697602474497713 0.00520224921746856 0.0382473624057742 0.00484301717025268;0.00463207147337015 0.00542258514999901 0.00630355881628305 0.00677176694129127 0.00568891646298764 0.00484301717025268 0.037012286468384]intento: 20 tiempo: 0.017 [0.0327733618882802 0.00458709399249662 0.00523377495984924 0.00431908738890073 0.00428001628740529 0.0044841377161112 0.00444324272536295;0.00458709399249662 0.0331135361160818 0.00629671422853191 0.00454902519323406 0.00462819885324532 0.00385243199200033 0.00403402419452741;0.00523377495984924 0.00629671422853191 0.0332683311664958 0.00559912308080393 0.0048223442990388 0.00403452660253422 0.0046731852363108;0.00431908738890073 0.00454902519323406 0.00559912308080393 0.033142386597442 0.00540978477426558 0.00432942648933375 0.00581589374858521;0.00428001628740529 0.00462819885324532 0.0048223442990388 0.00540978477426558 0.0314946120452391 0.00352034538415914 0.00435212057568837;0.0044841377161112 0.00385243199200033 0.00403452660253422 0.00432942648933375 0.00352034538415914 0.0327805093291457 0.00381451901887787;0.00444324272536295 0.00403402419452741 0.0046731852363108 0.00581589374858521 0.00435212057568837 0.00381451901887787 0.0317904055264663]intento: 22 tiempo: 0.017 [0.0321691080523367 0.00583680861688761 0.00394309897113604 0.00517240080848725 0.00594380367811573 0.00421990944575119 0.00433328664409875;0.00583680861688761 0.0323820853876563 0.00459289497134098 0.00480670380579143 0.00512926173568741 0.00388434539155282 0.00507601124112793;0.00394309897113604 0.00459289497134098 0.0334340502190295 0.00473743204214478 0.00592740197264756 0.00471942090161418 0.00487307467139424;0.00517240080848725 0.00480670380579143 0.00473743204214478 0.0309225324249362 0.00564845406332301 0.00447668716053869 0.0048956158627399;0.00594380367811573 0.00512926173568741 0.00592740197264756 0.00564845406332301 0.0338635180248109 0.00433961624432495 0.00666648619842453;0.00421990944575119 0.00388434539155282 0.00471942090161418 0.00447668716053869 0.00433961624432495 0.032129693950187 0.00370608542792676;0.00433328664409875 0.00507601124112793 0.00487307467139424 0.0048956158627399 0.00666648619842453 0.00370608542792676 0.03194492462048]intento: 24 tiempo: 0.014 [0.0384320856822305 0.00574013345466911 0.00503901559910217 0.00549887699865748 0.00748084068257452 0.00512964231152581 0.00546347035354165;0.00574013345466911 0.0391971930869427 0.00522348520283721 0.00598599862817404 0.0072435830563913 0.00650031600943874 0.00438125014990308;0.00503901559910217 0.00522348520283721 0.0375098994041483 0.00445660122759453 0.00577075371296819 0.00576717218077311 0.00358205111917223;0.00549887699865748 0.00598599862817404 0.00445660122759453 0.0375234007551949 0.00403427194662194 0.00597513145930787 0.00757046203216623;0.00748084068257452 0.0072435830563913 0.00577075371296819 0.00403427194662194 0.0369316268323144 0.00619706872069605 0.00528059946303637;0.00512964231152581 0.00650031600943874 0.00576717218077311 0.00597513145930787 0.00619706872069605 0.0377635697592519 0.00601513938675617;0.00546347035354165 0.00438125014990308 0.00358205111917223 0.00757046203216623 0.00528059946303637 0.00601513938675617 0.0375583598478638]intento: 26 tiempo: 0.015 [0.040214234713392 0.00770294169754033 0.00727948166213 0.006444578441513 0.00580273530857721 0.00554100109226623 0.00453463485008929;0.00770294169754033 0.0398649915888308 0.00716297250604744 0.00717564844987102 0.00592983174201778 0.00499519615796834 0.00607922299753762;0.00727948166213 0.00716297250604744 0.0401766798734405 0.00547551433344194 0.00557480388714499 0.00456068978435727 0.00356720260240497;0.006444578441513 0.00717564844987102 0.00547551433344194 0.0384353912613923 0.00588866294056274 0.00509275976614585 0.00528845998543885;0.00580273530857721 0.00592983174201778 0.00557480388714499 0.00588866294056274 0.0372077681576209 0.00548742983821068 0.00595012081618528;0.00554100109226623 0.00499519615796834 0.00456068978435727 0.00509275976614585 0.00548742983821068 0.0350533134681621 0.00294668311505507;0.00453463485008929 0.00607922299753762 0.00356720260240497 0.00528845998543885 0.00595012081618528 0.00294668311505507 0.0354815121272655]intento: 28 tiempo: 0.015 [0.0371461430751141 0.00632318898356874 0.00483317756075032 0.00572367057810305 0.00539892903049613 0.00367857110810504 0.00500975123410714;0.00632318898356874 0.039491682995791 0.00870536426498585 0.00661117359968477 0.00601186365516725 0.00566900190972042 0.00628051356501257;0.00483317756075032 0.00870536426498585 0.0409923862342549 0.00577469917054563 0.00483259277436029 0.00657864227558764 0.00725605482951241;0.00572367057810305 0.00661117359968477 0.00577469917054563 0.0388120964444348 0.00588177053585418 0.00517546531659249 0.00540443856975931;0.00539892903049613 0.00601186365516725 0.00483259277436029 0.00588177053585418 0.038817945742657 0.00392835188033524 0.00660163947893883;0.00367857110810504 0.00566900190972042 0.00657864227558764 0.00517546531659249 0.00392835188033524 0.035155574908691 0.00538323430971081;0.00500975123410714 0.00628051356501257 0.00725605482951241 0.00540443856975931 0.00660163947893883 0.00538323430971081 0.037069894615587]intento: 30 tiempo: 0.017 [0.0341990800810464 0.00663445641627375 0.00653127235800707 0.00538428914158526 0.00450277569264633 0.00524999386812313 0.00469085079843325;0.00663445641627375 0.0378227990001962 0.00690898642326489 0.00522589544585335 0.00514743812482396 0.00471807916644693 0.00496216628587162;0.00653127235800707 0.00690898642326489 0.0343394367244725 0.00553310874341585 0.00491718417073208 0.00465841258764092 0.00669761499931492;0.00538428914158526 0.00522589544585335 0.00553310874341585 0.035630068461977 0.00524502745221642 0.00508403956201736 0.00481233326018908;0.00450277569264633 0.00514743812482396 0.00491718417073208 0.00524502745221642 0.0348431286811691 0.00530452742654445 0.00517679190271098;0.00524999386812313 0.00471807916644693 0.00465841258764092 0.00508403956201736 0.00530452742654445 0.0333632768108465 0.00470331991325697;0.00469085079843325 0.00496216628587162 0.00669761499931492 0.00481233326018908 0.00517679190271098 0.00470331991325697 0.0340542925941772]intento: 32 tiempo: 0.013 [0.0355714326317992 0.00596514176419203 0.00452515178905682 0.00499062317785456 0.00551022987539417 0.00444955052651438 0.00479819276977315;0.00596514176419203 0.0334269989093471 0.00525023611335737 0.00454011816208117 0.00418923389481391 0.00448226110594382 0.00579228291022738;0.00452515178905682 0.00525023611335737 0.033571050920793 0.00606539223978909 0.00436763856005973 0.00327660634063206 0.00524066129988554;0.00499062317785456 0.00454011816208117 0.00606539223978909 0.0341490250707546 0.00413365173117714 0.00485663653231439 0.00365143496442286;0.00551022987539417 0.00418923389481391 0.00436763856005973 0.00413365173117714 0.032642424452022 0.00495709608363223 0.00495275183309325;0.00444955052651438 0.00448226110594382 0.00327660634063206 0.00485663653231439 0.00495709608363223 0.032658979338791 0.0036090903858918;0.00479819276977315 0.00579228291022738 0.00524066129988554 0.00365143496442286 0.00495275183309325 0.0036090903858918 0.0337806601051265]intento: 34 tiempo: 0.017 [0.0368565613419163 0.00460674044869123 0.00479236484904556 0.00376936185977818 0.0041797247727626 0.00513796871853124 0.00547736986013499;0.00460674044869123 0.0362025578611161 0.00736834326127399 0.00449632863489424 0.00575111343596246 0.00628240656955207 0.00597724192680483;0.00479236484904556 0.00736834326127399 0.0391430188443853 0.00461617896097145 0.00827637819946114 0.0058307806202486 0.007404272462459;0.00376936185977818 0.00449632863489424 0.00461617896097145 0.0345301736233978 0.00456541594179964 0.00505658960959605 0.00454431236840781;0.0041797247727626 0.00575111343596246 0.00827637819946114 0.00456541594179964 0.0383388754829909 0.0063938791431801 0.0055504783085985;0.00513796871853124 0.00628240656955207 0.0058307806202486 0.00505658960959605 0.0063938791431801 0.0358994310927365 0.00446046316992496;0.00547736986013499 0.00597724192680483 0.007404272462459 0.00454431236840781 0.0055504783085985 0.00446046316992496 0.0365824955266636]intento: 36 tiempo: 0.014 [0.0430704690563465 0.00547550330501524 0.00736318113479123 0.00794441338050476 0.00636788628321525 0.00668485979718608 0.00784896305380975;0.00547550330501524 0.0384483524079258 0.0079520433467028 0.00620867554725968 0.00431027891211585 0.00544378550961425 0.00504909784619391;0.00736318113479123 0.0079520433467028 0.044175518912135 0.00788544627014865 0.00665687740442666 0.00557062512608435 0.00733475249133557;0.00794441338050476 0.00620867554725968 0.00788544627014865 0.0418791214523192 0.00511607928120096 0.00649251804328811 0.00608250467401249;0.00636788628321525 0.00431027891211585 0.00665687740442666 0.00511607928120096 0.0409688698221968 0.00472846607899544 0.00512399663040085;0.00668485979718608 0.00544378550961425 0.00557062512608435 0.00649251804328811 0.00472846607899544 0.0377914247168845 0.00504925056222382;0.00784896305380975 0.00504909784619391 0.00733475249133557 0.00608250467401249 0.00512399663040085 0.00504925056222382 0.041744560536096]intento: 38 tiempo: 0.014 [0.0362000765613099 0.00533478743337213 0.00489123255506899 0.00545707900930475 0.00473339709699788 0.00460252229449123 0.00520223147547354;0.00533478743337213 0.0347584251838714 0.0072738931207373 0.00548168933602511 0.00474215013258789 0.00475567425013941 0.00467746855001934;0.00489123255506899 0.0072738931207373 0.0384400108760581 0.00825200897765485 0.00454665807207429 0.00556517489706944 0.00557644579251558;0.00545707900930475 0.00548168933602511 0.00825200897765485 0.0355242350677987 0.00508038103976507 0.00540046301309598 0.00602516114255555;0.00473339709699788 0.00474215013258789 0.00454665807207429 0.00508038103976507 0.0331370201735158 0.00334787434830102 0.00542875974690299;0.00460252229449123 0.00475567425013941 0.00556517489706944 0.00540046301309598 0.00334787434830102 0.0339695922011541 0.00491051614247302;0.00520223147547354 0.00467746855001934 0.00557644579251558 0.00602516114255555 0.00542875974690299 0.00491051614247302 0.0347917484288419]intento: 40 tiempo: 0.017 [0.030956094601199 0.00539249242548842 0.00562413117459532 0.00528326435106226 0.00389874392469266 0.00445023283066229 0.00492757276017691;0.00539249242548842 0.0324270222443089 0.00458756506374115 0.00552382960191256 0.00385690735073024 0.00400658637472965 0.00532197309208068;0.00562413117459532 0.00458756506374115 0.0325413484421884 0.00466754818874585 0.00436651928278217 0.00373160305819278 0.00536063052540258;0.00528326435106226 0.00552382960191256 0.00466754818874585 0.0334637375259871 0.003273238526908 0.00419491611227421 0.00517283999339152;0.00389874392469266 0.00385690735073024 0.00436651928278217 0.003273238526908 0.0329837191875277 0.00400796930130768 0.00525747740180545;0.00445023283066229 0.00400658637472965 0.00373160305819278 0.00419491611227421 0.00400796930130768 0.0324353965562227 0.00342553883783311;0.00492757276017691 0.00532197309208068 0.00536063052540258 0.00517283999339152 0.00525747740180545 0.00342553883783311 0.0335545369648069]intento: 42 tiempo: 0.014 [0.0398786118531515 0.00634399910053116 0.00618862997260078 0.00700889871406603 0.00573497795293019 0.00876335066003759 0.00599493319799213;0.00634399910053116 0.0397021034699419 0.00616981327431863 0.00563151461493196 0.00558742918855026 0.00660992156788998 0.00610058665752039;0.00618862997260078 0.00616981327431863 0.0384712750972526 0.00578157560892462 0.00521378057458521 0.00665676965024501 0.0036936778319116;0.00700889871406603 0.00563151461493196 0.00578157560892462 0.0421451651771457 0.00765513417097282 0.00863574458280083 0.00674877038263813;0.00573497795293019 0.00558742918855026 0.00521378057458521 0.00765513417097282 0.0385627679992141 0.00762769789992516 0.00474499055577194;0.00876335066003759 0.00660992156788998 0.00665676965024501 0.00863574458280083 0.00762769789992516 0.0414172735423694 0.00546593456723067;0.00599493319799213 0.00610058665752039 0.0036936778319116 0.00674877038263813 0.00474499055577194 0.00546593456723067 0.0394970479045106]intento: 44 tiempo: 0.014 [0.0386045790115558 0.00748498957240137 0.00568283023081238 0.0060943916532294 0.00613914132005328 0.00598313512557892 0.00691790955394392;0.00748498957240137 0.0373613702421621 0.00533843135093317 0.00562344419330774 0.00441821770539364 0.00575385020941028 0.00453968617584932;0.00568283023081238 0.00533843135093317 0.0377648722918264 0.00383816280132275 0.0059173092255657 0.00361224540109424 0.00621984203949346;0.0060943916532294 0.00562344419330774 0.00383816280132275 0.0358918523956655 0.0045977999950554 0.00509641282082775 0.00456802573856941;0.00613914132005328 0.00441821770539364 0.0059173092255657 0.0045977999950554 0.0353490825406933 0.00515595893628808 0.00701665828932581;0.00598313512557892 0.00575385020941028 0.00361224540109424 0.00509641282082775 0.00515595893628808 0.0342754464165052 0.00477287102689053;0.00691790955394392 0.00453968617584932 0.00621984203949346 0.00456802573856941 0.00701665828932581 0.00477287102689053 0.0360884683405632]intento: 46 tiempo: 0.014 [0.0333187278401847 0.00572022548254472 0.00395934759936615 0.00374142527284765 0.00481558837342921 0.00319831093349494 0.00503707539995597;0.00572022548254472 0.0363235622564328 0.00535798382498096 0.00497471732787183 0.00571690844185788 0.00550123397472305 0.00691468090734639;0.00395934759936615 0.00535798382498096 0.0359438647525554 0.00525779101890101 0.00636942721236867 0.00551107611575288 0.00627662946139683;0.00374142527284765 0.00497471732787183 0.00525779101890101 0.0331872987415463 0.00482836994696103 0.00417143733296799 0.00593117126498093;0.00481558837342921 0.00571690844185788 0.00636942721236867 0.00482836994696103 0.0342527169465624 0.00489896011953924 0.00475358061520405;0.00319831093349494 0.00550123397472305 0.00551107611575288 0.00417143733296799 0.00489896011953924 0.0328231667829627 0.00557807343603075;0.00503707539995597 0.00691468090734639 0.00627662946139683 0.00593117126498093 0.00475358061520405 0.00557807343603075 0.0365734402177917]intento: 48 tiempo: 0.017 [0.0341470153823131 0.00435257677978269 0.00544880296887701 0.0053397067865087 0.00521577974330176 0.00481724166821509 0.0064561430253606;0.00435257677978269 0.0330660401579216 0.00636667136542785 0.00458573824170403 0.00410708077224139 0.00534381876647291 0.00624468585673108;0.00544880296887701 0.00636667136542785 0.0365603167936694 0.00496669821160343 0.00496714668956051 0.00412112990779949 0.00684431214798849;0.0053397067865087 0.00458573824170403 0.00496669821160343 0.0349268122296796 0.00332542348534258 0.00499816700530859 0.00581803683333034;0.00521577974330176 0.00410708077224139 0.00496714668956051 0.00332542348534258 0.033059129899011 0.00318091156392274 0.00671945464933159;0.00481724166821509 0.00534381876647291 0.00412112990779949 0.00499816700530859 0.00318091156392274 0.0340672976628164 0.00602411085055237;0.0064561430253606 0.00624468585673108 0.00684431214798849 0.00581803683333034 0.00671945464933159 0.00602411085055237 0.03793827508712]intento: 50 tiempo: 0.018 [0.0328162539454962 0.00532482149978015 0.00367203411385744 0.00394402236496282 0.00475439292982822 0.00565471038959835 0.00506160203821285;0.00532482149978015 0.034096843713893 0.00459129038274345 0.00484990320285146 0.0047917238424804 0.004663171263552 0.00564420603676327;0.00367203411385744 0.00459129038274345 0.0317564698074295 0.00357051192763957 0.00436027652304076 0.00416424901933207 0.00350219398370869;0.00394402236496282 0.00484990320285146 0.00357051192763957 0.0326788514393654 0.00381599930339166 0.00401276816433912 0.00452403868866476;0.00475439292982822 0.0047917238424804 0.00436027652304076 0.00381599930339166 0.0325416029140263 0.00488306364046391 0.00566004522899905;0.00565471038959835 0.004663171263552 0.00416424901933207 0.00401276816433912 0.00488306364046391 0.0306201999110405 0.00440231355154569;0.00506160203821285 0.00564420603676327 0.00350219398370869 0.00452403868866476 0.00566004522899905 0.00440231355154569 0.0329634131643653]intento: 52 tiempo: 0.014 [0.0386586791321189 0.00463881930425454 0.00491371525977998 0.00540059981128707 0.00629255529541165 0.00496646931649791 0.00705068830108739;0.00463881930425454 0.0360319615804596 0.00566540196756517 0.00558998474070267 0.00479896446226807 0.00502150506879349 0.00633825495507771;0.00491371525977998 0.00566540196756517 0.0368320423004712 0.00613541987350543 0.00569091986591846 0.00629354195598465 0.00636180729080732;0.00540059981128707 0.00558998474070267 0.00613541987350543 0.0396920694821606 0.00578467747189789 0.00689352148300895 0.00719416827490433;0.00629255529541165 0.00479896446226807 0.00569091986591846 0.00578467747189789 0.0375316120606155 0.00634149168436043 0.00692930769567887;0.00496646931649791 0.00502150506879349 0.00629354195598465 0.00689352148300895 0.00634149168436043 0.0373365339562225 0.00599334218181745;0.00705068830108739 0.00633825495507771 0.00636180729080732 0.00719416827490433 0.00692930769567887 0.00599334218181745 0.0396471589322544]intento: 54 tiempo: 0.017 [0.0319840319703307 0.00495470279418057 0.00402748909911427 0.00396445968422997 0.00398856848286863 0.00444599087376 0.00440748829130241;0.00495470279418057 0.0359989158481522 0.00561520735969781 0.00576244410463733 0.00562295129368204 0.00646580653013441 0.00509333470214595;0.00402748909911427 0.00561520735969781 0.0340357570635257 0.00602678654949284 0.00529844250180527 0.00532969878495929 0.00545091379239725;0.00396445968422997 0.00576244410463733 0.00602678654949284 0.0333363186120784 0.00449756015573902 0.00491501218800614 0.00494784375757269;0.00398856848286863 0.00562295129368204 0.00529844250180527 0.00449756015573902 0.032284985277811 0.00466561549383687 0.00416212406652224;0.00444599087376 0.00646580653013441 0.00532969878495929 0.00491501218800614 0.00466561549383687 0.034221774633732 0.004093191713623;0.00440748829130241 0.00509333470214595 0.00545091379239725 0.00494784375757269 0.00416212406652224 0.004093191713623 0.0318658101759328]intento: 56 tiempo: 0.018 [0.0304322109478623 0.00518139771852358 0.00367183166673726 0.00554488757367512 0.00517996609372661 0.00410224738656589 0.00465330904568306;0.00518139771852358 0.0309892808978946 0.00525918834939158 0.00510874807651708 0.00476817887843052 0.005145335613291 0.00426204737524897;0.00367183166673726 0.00525918834939158 0.0323523117618506 0.00483525606069645 0.0055069600216301 0.00458950589024111 0.00281660342472782;0.00554488757367512 0.00510874807651708 0.00483525606069645 0.0322501269901711 0.0052375186947757 0.00333041841456925 0.00355809675868846;0.00517996609372661 0.00476817887843052 0.0055069600216301 0.0052375186947757 0.0305627093735378 0.00469119659886637 0.00471865971945952;0.00410224738656589 0.005145335613291 0.00458950589024111 0.00333041841456925 0.00469119659886637 0.0294268357050117 0.00281961709474337;0.00465330904568306 0.00426204737524897 0.00281660342472782 0.00355809675868846 0.00471865971945952 0.00281961709474337 0.0294457350107972]intento: 58 tiempo: 0.017 [0.0320397775562263 0.00515771463458223 0.0050221960411809 0.00356596135902112 0.00310341926292711 0.00590259908373773 0.00454537332116998;0.00515771463458223 0.0321485862908753 0.00478983834886402 0.00480509538856439 0.00362394544726517 0.00635072900296779 0.00477682057293103;0.0050221960411809 0.00478983834886402 0.0314096076140733 0.00402236239907061 0.00412466482792388 0.00596641445162123 0.00426702782073782;0.00356596135902112 0.00480509538856439 0.00402236239907061 0.0331596654102195 0.0034103766978404 0.00532501238564612 0.00384403626539529;0.00310341926292711 0.00362394544726517 0.00412466482792388 0.0034103766978404 0.029882885124787 0.0044721820452921 0.00465984373070175;0.00590259908373773 0.00635072900296779 0.00596641445162123 0.00532501238564612 0.0044721820452921 0.0324736075307223 0.00637583314039318;0.00454537332116998 0.00477682057293103 0.00426702782073782 0.00384403626539529 0.00465984373070175 0.00637583314039318 0.0328717782399411]intento: 60 tiempo: 0.017 [0.0299057231616289 0.00287682987558182 0.00448217380173668 0.00385014153859302 0.00315551218172123 0.00476791847469354 0.00304635686612239;0.00287682987558182 0.0300929247279455 0.00502942460194846 0.00533238928609381 0.00326703198276296 0.00408582234488541 0.00449309373259795;0.00448217380173668 0.00502942460194846 0.0294158693374956 0.00497514493631196 0.00370289593054511 0.00497037070582063 0.00374522970897714;0.00385014153859302 0.00533238928609381 0.00497514493631196 0.0320161222802935 0.00436729725320213 0.00485445578780805 0.00402112086063452;0.00315551218172123 0.00326703198276296 0.00370289593054511 0.00436729725320213 0.030605034923386 0.00382807509899722 0.00305972360067793;0.00476791847469354 0.00408582234488541 0.00497037070582063 0.00485445578780805 0.00382807509899722 0.0310365050790507 0.0045624550793244;0.00304635686612239 0.00449309373259795 0.00374522970897714 0.00402112086063452 0.00305972360067793 0.0045624550793244 0.030761957230145]intento: 62 tiempo: 0.017 [0.0330884145258993 0.00535699232291732 0.00598428646629174 0.00545753264654659 0.00517171780521271 0.00502844875516962 0.00413120126922083;0.00535699232291732 0.0375251243294782 0.00756187713888794 0.0042945127776636 0.00602233699868203 0.00558513087426012 0.00606831447303025;0.00598428646629174 0.00756187713888794 0.0364763591818807 0.00521205702136579 0.00720831641229581 0.00537648925374401 0.00632461349115159;0.00545753264654659 0.0042945127776636 0.00521205702136579 0.033732347032308 0.00511324501722404 0.00460360599636285 0.00342917747741592;0.00517171780521271 0.00602233699868203 0.00720831641229581 0.00511324501722404 0.0361949270314676 0.00562973576264791 0.00630617772518861;0.00502844875516962 0.00558513087426012 0.00537648925374401 0.00460360599636285 0.00562973576264791 0.035349278386721 0.006491928460871;0.00413120126922083 0.00606831447303025 0.00632461349115159 0.00342917747741592 0.00630617772518861 0.006491928460871 0.0354786645291838]intento: 64 tiempo: 0.014 [0.0324625536068039 0.00392266474055135 0.0048049665575886 0.00578578968656282 0.00452768980210133 0.0052490216358182 0.00507084263218457;0.00392266474055135 0.0318341584611115 0.00407913461904615 0.00460752553572484 0.00363109395445957 0.00252286928195997 0.00532778264171177;0.0048049665575886 0.00407913461904615 0.034870942202746 0.00454632128516048 0.00465957067503425 0.00579977294523947 0.00576928114451165;0.00578578968656282 0.00460752553572484 0.00454632128516048 0.0339702547859928 0.00511278362010893 0.00452873159033089 0.00639739522036571;0.00452768980210133 0.00363109395445957 0.00465957067503425 0.00511278362010893 0.0321733077373842 0.00492176474230121 0.00451597048453718;0.0052490216358182 0.00252286928195997 0.00579977294523947 0.00452873159033089 0.00492176474230121 0.0338535241030572 0.00457975297214595;0.00507084263218457 0.00532778264171177 0.00576928114451165 0.00639739522036571 0.00451597048453718 0.00457975297214595 0.0328062813493339]intento: 66 tiempo: 0.018 [0.0339907248241879 0.00663658643390393 0.0047936262965453 0.00490593067385055 0.00659169389647791 0.00515794414343133 0.00359704265072231;0.00663658643390393 0.0335846188852568 0.00450865530669813 0.00540343703541267 0.00564219720277662 0.00572476352112782 0.00449550387861933;0.0047936262965453 0.00450865530669813 0.0328648045859961 0.00517570186130713 0.00638290424951008 0.00550868930293435 0.00535809478227668;0.00490593067385055 0.00540343703541267 0.00517570186130713 0.0339481131849486 0.00679626388939985 0.00565627500495628 0.00483817295850462;0.00659169389647791 0.00564219720277662 0.00638290424951008 0.00679626388939985 0.0373097234563175 0.00537992538172656 0.00517016303824564;0.00515794414343133 0.00572476352112782 0.00550868930293435 0.00565627500495628 0.00537992538172656 0.035645306307487 0.00364628069718286;0.00359704265072231 0.00449550387861933 0.00535809478227668 0.00483817295850462 0.00517016303824564 0.00364628069718286 0.0321156058286412]intento: 68 tiempo: 0.017 [0.0365694161951613 0.00411099108533268 0.00561792208319352 0.00514717160809891 0.0062131352057258 0.00655835872517814 0.00752907798880689;0.00411099108533268 0.0337576374966856 0.00434241098647647 0.00425622240639497 0.00495499824396738 0.00522787870611142 0.00659318621151523;0.00561792208319352 0.00434241098647647 0.0363618405838361 0.0056910477773212 0.00475445583348923 0.00423538871460598 0.00569612003308487;0.00514717160809891 0.00425622240639497 0.0056910477773212 0.0378708247443213 0.00612863973634298 0.0058690670206282 0.00650619760936566;0.0062131352057258 0.00495499824396738 0.00475445583348923 0.00612863973634298 0.0352049130625446 0.00459178605177235 0.00577248213334145;0.00655835872517814 0.00522787870611142 0.00423538871460598 0.0058690670206282 0.00459178605177235 0.0392709282294463 0.00733911034467989;0.00752907798880689 0.00659318621151523 0.00569612003308487 0.00650619760936566 0.00577248213334145 0.00733911034467989 0.038257370109246]intento: 70 tiempo: 0.017 [0.029829090222857 0.00416594960707328 0.00507156824150659 0.00498638484667451 0.00433834149864004 0.00354607055089607 0.00410904893666512;0.00416594960707328 0.0312316564626588 0.00448660757937067 0.00495577216693879 0.00464551137573225 0.00332961566946532 0.00348649402280663;0.00507156824150659 0.00448660757937067 0.0331594124331077 0.00547172941920359 0.00588431417119406 0.00528005254124632 0.00577280071458203;0.00498638484667451 0.00495577216693879 0.00547172941920359 0.0344118154294935 0.00506595851648872 0.00471769986951981 0.00558392838740319;0.00433834149864004 0.00464551137573225 0.00588431417119406 0.00506595851648872 0.0320441936195441 0.0042962062947455 0.00492895872421033;0.00354607055089607 0.00332961566946532 0.00528005254124632 0.00471769986951981 0.0042962062947455 0.032858698666346 0.00532755852629885;0.00410904893666512 0.00348649402280663 0.00577280071458203 0.00558392838740319 0.00492895872421033 0.00532755852629885 0.0319332699782025]intento: 72 tiempo: 0.014 [0.0357486288804954 0.00538040225681224 0.00543869786855721 0.0039024920586539 0.0055886242581408 0.00557726870509785 0.00656260813995623;0.00538040225681224 0.039456709529512 0.00526092464553857 0.00627080707580232 0.0085586969560359 0.00742303710487704 0.00723633543256674;0.00543869786855721 0.00526092464553857 0.0365098754210838 0.00594365819214187 0.00627935350466592 0.00470748805944255 0.00648445682641196;0.0039024920586539 0.00627080707580232 0.00594365819214187 0.0362986992278806 0.00660718158518773 0.00554427732635545 0.00723713020184222;0.0055886242581408 0.0085586969560359 0.00627935350466592 0.00660718158518773 0.0403322449161047 0.00539084105553315 0.00661065680539112;0.00557726870509785 0.00742303710487704 0.00470748805944255 0.00554427732635545 0.00539084105553315 0.0361603772228895 0.00586799213171104;0.00656260813995623 0.00723633543256674 0.00648445682641196 0.00723713020184222 0.00661065680539112 0.00586799213171104 0.0392124802221698]intento: 74 tiempo: 0.018 [0.0347539303144312 0.00472340898632586 0.00585361037427308 0.00497476374042515 0.00596371935712213 0.00445234931664142 0.00574526238610074;0.00472340898632586 0.0330025816756892 0.00478529517118151 0.00403461966809517 0.00475143562713667 0.00423032501788304 0.00410209938572271;0.00585361037427308 0.00478529517118151 0.0332906397566008 0.00619015929089006 0.00488264829119115 0.00469968375636669 0.00576926016102455;0.00497476374042515 0.00403461966809517 0.00619015929089006 0.0364644458609722 0.00527968010901928 0.00543993997404261 0.0066674404162979;0.00596371935712213 0.00475143562713667 0.00488264829119115 0.00527968010901928 0.0358444448841997 0.0052394255694615 0.00652168352460696;0.00445234931664142 0.00423032501788304 0.00469968375636669 0.00543993997404261 0.0052394255694615 0.0330265348453741 0.00635398264340548;0.00574526238610074 0.00410209938572271 0.00576926016102455 0.0066674404162979 0.00652168352460696 0.00635398264340548 0.0370186313995866]intento: 76 tiempo: 0.017 [0.0351008459897077 0.00679879174731052 0.00523124956219395 0.00628822498477374 0.00526381162051627 0.00444716393284596 0.00664347835472616;0.00679879174731052 0.0335016314141846 0.00574403839360589 0.00533875186685475 0.00535288504056828 0.00376969973547555 0.00594105763277928;0.00523124956219395 0.00574403839360589 0.033300882831146 0.00502433830578238 0.00390885962005537 0.00389686879562517 0.00500256206486315;0.00628822498477374 0.00533875186685475 0.00502433830578238 0.0356081841969123 0.00517177836634116 0.00527290771085486 0.0062167158610516;0.00526381162051627 0.00535288504056828 0.00390885962005537 0.00517177836634116 0.0351330433026864 0.00530403401768568 0.00619995518595484;0.00444716393284596 0.00376969973547555 0.00389686879562517 0.00527290771085486 0.00530403401768568 0.0322957288634708 0.00466061816059436;0.00664347835472616 0.00594105763277928 0.00500256206486315 0.0062167158610516 0.00619995518595484 0.00466061816059436 0.0341897270986132]intento: 78 tiempo: 0.014 [0.0367131977425316 0.00532676113354337 0.00564790188823584 0.00460958202226535 0.00685300645256732 0.00654638380568622 0.00442350388012865;0.00532676113354337 0.0379394570412373 0.00637690398337021 0.00539508898811459 0.00710653999267158 0.00565262379683109 0.00463480395845727;0.00564790188823584 0.00637690398337021 0.0356604058717365 0.00468316803576977 0.00643381734495715 0.00559510808636331 0.00477562391506889;0.00460958202226535 0.00539508898811459 0.00468316803576977 0.0354249544207012 0.00700593102538183 0.00546016080075131 0.0045382109745345;0.00685300645256732 0.00710653999267158 0.00643381734495715 0.00700593102538183 0.0392661196282975 0.00718593189970795 0.00543308315775398;0.00654638380568622 0.00565262379683109 0.00559510808636331 0.00546016080075131 0.00718593189970795 0.0370040026735938 0.00558576977931571;0.00442350388012865 0.00463480395845727 0.00477562391506889 0.0045382109745345 0.00543308315775398 0.00558576977931571 0.0373409004792356]intento: 80 tiempo: 0.017 [0.0287548336906791 0.00351873476993652 0.00479266047213712 0.00352584377774213 0.00349525002007453 0.00446655706499389 0.00442772563631332;0.00351873476993652 0.0308422677955399 0.00453645134157953 0.00440470615266821 0.00418227452285454 0.00489347426187138 0.00505400706101165;0.00479266047213712 0.00453645134157953 0.0288970165463646 0.00471878455813862 0.00373904027905372 0.00414538526934705 0.00493856120476646;0.00352584377774213 0.00440470615266821 0.00471878455813862 0.0309621616697044 0.0022489396361242 0.00417219115327008 0.00489472184304626;0.00349525002007453 0.00418227452285454 0.00373904027905372 0.0022489396361242 0.0288536168006426 0.00408301599969262 0.00286639536157054;0.00446655706499389 0.00489347426187138 0.00414538526934705 0.00417219115327008 0.00408301599969262 0.0311661015476083 0.00415225857896958;0.00442772563631332 0.00505400706101165 0.00493856120476646 0.00489472184304626 0.00286639536157054 0.00415225857896958 0.0307765156345415]intento: 82 tiempo: 0.017 [0.0342206580843142 0.00587431688013326 0.00604874640067168 0.00490067996723948 0.00621246562304713 0.00506037468224271 0.00520129061291471;0.