intento: 2 tiempo: 0.021 [0.0235059558900011 0.00228719520435056 0.00231948249557756 0.0022857042099739 0.00293355593413053 0.00269818951885643 0.00179427847045064 0.00247757349619293 0.00310416826281905;0.00228719520435056 0.0232091433990956 0.0025112060228737 0.00247476245191543 0.00253956933971968 0.00310926646624587 0.0020241898466861 0.00257339951960341 0.00243274883725333;0.00231948249557756 0.0025112060228737 0.0230056855409981 0.0021105176760868 0.00236394519747059 0.00223077007710452 0.00163837138576584 0.00229091766358872 0.00254149898895377;0.0022857042099739 0.00247476245191543 0.0021105176760868 0.0239462283737836 0.00285331865033055 0.00228343241514797 0.00246178561158492 0.00262662387646746 0.00254200964642721;0.00293355593413053 0.00253956933971968 0.00236394519747059 0.00285331865033055 0.0241731699285766 0.0029009386353227 0.00268215082932567 0.00344537692183125 0.00255885082575648;0.00269818951885643 0.00310926646624587 0.00223077007710452 0.00228343241514797 0.0029009386353227 0.0225430608377027 0.00262305200298661 0.0027853676223953 0.00254714927545006;0.00179427847045064 0.0020241898466861 0.00163837138576584 0.00246178561158492 0.00268215082932567 0.00262305200298661 0.0234428664126673 0.00271116448974339 0.00286660287319051;0.00247757349619293 0.00257339951960341 0.00229091766358872 0.00262662387646746 0.00344537692183125 0.0027853676223953 0.00271116448974339 0.0240441652416669 0.00309118041539743;0.00310416826281905 0.00243274883725333 0.00254149898895377 0.00254200964642721 0.00255885082575648 0.00254714927545006 0.00286660287319051 0.00309118041539743 0.0238018789146261]intento: 4 tiempo: 0.021 [0.0254086101827728 0.00278041999299389 0.00325495712651386 0.00317088533258823 0.00364351510334639 0.00303071807647556 0.00223036325254079 0.00315706889516373 0.00271691309644851;0.00278041999299389 0.0241244819611707 0.00313536730321913 0.00271872433160269 0.0029478029972474 0.00243935683976011 0.00300362537777443 0.00288322120896997 0.00176322702946505;0.00325495712651386 0.00313536730321913 0.0254018919045468 0.00211214994138541 0.00321592166218495 0.0029262956155638 0.00270572292305066 0.00216100636156605 0.00310741926220912;0.00317088533258823 0.00271872433160269 0.00211214994138541 0.024714055048647 0.00393026614820575 0.00272449187797946 0.00242006478031995 0.00273095306098136 0.00279960590458671;0.00364351510334639 0.0029478029972474 0.00321592166218495 0.00393026614820575 0.0254456660680087 0.00307390823246201 0.0026500037012481 0.00302469918685372 0.00282426446277302;0.00303071807647556 0.00243935683976011 0.0029262956155638 0.00272449187797946 0.00307390823246201 0.0261095325907394 0.00272578619568193 0.00242850138142507 0.00259665345128363;0.00223036325254079 0.00300362537777443 0.00270572292305066 0.00242006478031995 0.0026500037012481 0.00272578619568193 0.0247037107275419 0.00240327842981421 0.00208528295603756;0.00315706889516373 0.00288322120896997 0.00216100636156605 0.00273095306098136 0.00302469918685372 0.00242850138142507 0.00240327842981421 0.0244535682802529 0.00303654040824656;0.00271691309644851 0.00176322702946505 0.00310741926220912 0.00279960590458671 0.00282426446277302 0.00259665345128363 0.00208528295603756 0.00303654040824656 0.0246677384300206]intento: 6 tiempo: 0.021 [0.0237892199807934 0.00291142603159265 0.00277071095911933 0.00190849812768583 0.00249928729231428 0.00261611179641575 0.00240872724411746 0.00175834931725052 0.00193846156446244;0.00291142603159265 0.0235959883343451 0.00297109636762372 0.00225281524794904 0.00288718238553409 0.00332141043899137 0.00313917675652155 0.00188115439488347 0.00221909373939326;0.00277071095911933 0.00297109636762372 0.0221211130375419 0.00195616191685993 0.00216739246550543 0.00209039785618933 0.0027411378779144 0.00238426323679298 0.00176986954644535;0.00190849812768583 0.00225281524794904 0.00195616191685993 0.0222172506495981 0.00251959096631877 0.00249740194090763 0.00225624188771499 0.00185221508067847 0.00232221914139482;0.00249928729231428 0.00288718238553409 0.00216739246550543 0.00251959096631877 0.023695627471691 0.00318438228703412 0.00331697480440057 0.00246089439947439 0.00220314678059173;0.00261611179641575 0.00332141043899137 0.00209039785618933 0.00249740194090763 0.00318438228703412 0.0242864304151056 0.00300686403881429 0.0019940650326029 0.00249131188067926;0.00240872724411746 0.00313917675652155 0.0027411378779144 0.00225624188771499 0.00331697480440057 0.00300686403881429 0.023848624282419 0.00261065383213645 0.00307992707814001;0.00175834931725052 0.00188115439488347 0.00238426323679298 0.00185221508067847 0.00246089439947439 0.0019940650326029 0.00261065383213645 0.0229230065988858 0.00194964672003013;0.00193846156446244 0.00221909373939326 0.00176986954644535 0.00232221914139482 0.00220314678059173 0.00249131188067926 0.00307992707814001 0.00194964672003013 0.0232203598771692]intento: 8 tiempo: 0.022 [0.0253060735077638 0.00246386012439338 0.00281474846113246 0.00256233384192626 0.00295119220551865 0.00348795311433954 0.00279813408636767 0.00333034511268317 0.00254475094994811;0.00246386012439338 0.0244928958715308 0.00270319322647983 0.0029845828683749 0.00317671992336405 0.00333927186667325 0.00297113704632293 0.00329888440660939 0.00236967673268288;0.00281474846113246 0.00270319322647983 0.0247355450488285 0.00250984084144464 0.00329075284408297 0.00307606416601606 0.00173550496327552 0.0030384845177305 0.00295168054366531;0.00256233384192626 0.0029845828683749 0.00250984084144464 0.0252868466323241 0.00228908941674803 0.00266036382882242 0.00258243982007402 0.00228905078016604 0.00217343187885583;0.00295119220551865 0.00317671992336405 0.00329075284408297 0.00228908941674803 0.0251983214100595 0.00284090223419333 0.00257723810897065 0.00328037559399921 0.00242165519142213;0.00348795311433954 0.00333927186667325 0.00307606416601606 0.00266036382882242 0.00284090223419333 0.0241680457235429 0.00225025650083043 0.00260981926953685 0.00301202910744245;0.00279813408636767 0.00297113704632293 0.00173550496327552 0.00258243982007402 0.00257723810897065 0.00225025650083043 0.0242731475941895 0.00266086945876062 0.00171877126906029;0.00333034511268317 0.00329888440660939 0.0030384845177305 0.00228905078016604 0.00328037559399921 0.00260981926953685 0.00266086945876062 0.0252163712245934 0.00268310206075325;0.00254475094994811 0.00236967673268288 0.00295168054366531 0.00217343187885583 0.00242165519142213 0.00301202910744245 0.00171877126906029 0.00268310206075325 0.0246521746617656]intento: 10 tiempo: 0.022 [0.0217618276951997 0.00247794028274979 0.00256554523396499 0.00212370632121743 0.00208143942488778 0.00272406961654665 0.00247729557005089 0.00256359669802529 0.00220098596433115;0.00247794028274979 0.0231446472127343 0.00226298688506536 0.00188657483322235 0.00225477218297869 0.00241424338760171 0.00213936061865479 0.00300387495409162 0.00248155611197164;0.00256554523396499 0.00226298688506536 0.0229153601450339 0.0026242580455324 0.00244195397881696 0.00253303598500356 0.00293271078896047 0.00276640499371359 0.0025532824280157;0.00212370632121743 0.00188657483322235 0.0026242580455324 0.022499264594229 0.00247287585371913 0.00239956564154802 0.0027211652794985 0.0023796219900955 0.00205653050724785;0.00208143942488778 0.00225477218297869 0.00244195397881696 0.00247287585371913 0.0229965088840592 0.00273208797515759 0.00276239170815196 0.00321706609172927 0.00202370672459356;0.00272406961654665 0.00241424338760171 0.00253303598500356 0.00239956564154802 0.00273208797515759 0.0229354234656473 0.00193063014953026 0.00289273949441011 0.00269455628046518;0.00247729557005089 0.00213936061865479 0.00293271078896047 0.0027211652794985 0.00276239170815196 0.00193063014953026 0.0232749460574946 0.0030313426027663 0.00197935050418201;0.00256359669802529 0.00300387495409162 0.00276640499371359 0.0023796219900955 0.00321706609172927 0.00289273949441011 0.0030313426027663 0.0228614423659794 0.00276611926532367;0.00220098596433115 0.00248155611197164 0.0025532824280157 0.00205653050724785 0.00202370672459356 0.00269455628046518 0.00197935050418201 0.00276611926532367 0.0226538188979328]intento: 12 tiempo: 0.021 [0.0267585976995188 0.00343305487052221 0.00346246801917682 0.00272534066785086 0.00328416443521274 0.00312951896959855 0.00347690871628694 0.00347699158955697 0.0039572916056668;0.00343305487052221 0.028472702233416 0.00368770222030849 0.00359372968253594 0.00270679434468547 0.00404682216126183 0.00344953577433316 0.00308216978954343 0.00252876539846327;0.00346246801917682 0.00368770222030849 0.0277829007028925 0.00254472729424744 0.00369506128503368 0.00204915685821647 0.0031012074014215 0.00290320448076666 0.00239472259047736;0.00272534066785086 0.00359372968253594 0.00254472729424744 0.0282847144685128 0.00300860658775889 0.00376835276201473 0.0032862836624575 0.00312250464790339 0.00302634192979914;0.00328416443521274 0.00270679434468547 0.00369506128503368 0.00300860658775889 0.0260557151452091 0.00287837111665314 0.00311935264047168 0.00273560209864358 0.00204163845723664;0.00312951896959855 0.00404682216126183 0.00204915685821647 0.00376835276201473 0.00287837111665314 0.026807203699969 0.00240189351738218 0.00221516872636829 0.00229658038236377;0.00347690871628694 0.00344953577433316 0.0031012074014215 0.0032862836624575 0.00311935264047168 0.00240189351738218 0.0263536235877487 0.00348461101871397 0.00327794729703864;0.00347699158955697 0.00308216978954343 0.00290320448076666 0.00312250464790339 0.00273560209864358 0.00221516872636829 0.00348461101871397 0.0276227925830895 0.00360157887865238;0.0039572916056668 0.00252876539846327 0.00239472259047736 0.00302634192979914 0.00204163845723664 0.00229658038236377 0.00327794729703864 0.00360157887865238 0.0278284796564745]intento: 14 tiempo: 0.021 [0.0253057493945501 0.00252306129929641 0.00211157401540424 0.0022373495035126 0.00305548857964039 0.00265408843252117 0.00213571461350251 0.00277369633025224 0.00285889324772124;0.00252306129929641 0.0258012223136139 0.00283645955877238 0.00364062128268795 0.00274543108467412 0.00257231400421589 0.00272801116516271 0.00300167228744258 0.0033569232875964;0.00211157401540424 0.00283645955877238 0.0247513618860206 0.00304341532084568 0.0032476639353337 0.00221664614260757 0.00344900797873205 0.00321508240321339 0.00341339575404482;0.0022373495035126 0.00364062128268795 0.00304341532084568 0.0246505522390683 0.00345280540445259 0.00251299601778451 0.00299292488052894 0.00283507690255041 0.00315922816034422;0.00305548857964039 0.00274543108467412 0.0032476639353337 0.00345280540445259 0.0253797895769736 0.00223926696927674 0.00265677299052071 0.00181550647936826 0.00349632102414125;0.00265408843252117 0.00257231400421589 0.00221664614260757 0.00251299601778451 0.00223926696927674 0.0246288738795482 0.00230500842931885 0.00212207056342697 0.00351015130443288;0.00213571461350251 0.00272801116516271 0.00344900797873205 0.00299292488052894 0.00265677299052071 0.00230500842931885 0.0258091315867452 0.00358530933894429 0.00352591964334511;0.00277369633025224 0.00300167228744258 0.00321508240321339 0.00283507690255041 0.00181550647936826 0.00212207056342697 0.00358530933894429 0.0254435741382004 0.00285059994543381;0.00285889324772124 0.0033569232875964 0.00341339575404482 0.00315922816034422 0.00349632102414125 0.00351015130443288 0.00352591964334511 0.00285059994543381 0.0272298207654433]intento: 16 tiempo: 0.021 [0.0284552325654439 0.00335381127348445 0.0032823533416701 0.00392905936514022 0.00408632481095247 0.0030111200461394 0.00279829365673948 0.00488612000440236 0.00325218252854829;0.00335381127348445 0.0277288977555775 0.00309089752366866 0.00298419595110353 0.00257840218209916 0.00295563966712319 0.00250779555851514 0.00322131788897207 0.00287333950861751;0.0032823533416701 0.00309089752366866 0.0264183829532127 0.00298350757216479 0.00360795144695069 0.00242435021262802 0.00310124347528731 0.00303535462731918 0.00324537082392291;0.00392905936514022 0.00298419595110353 0.00298350757216479 0.026029080545078 0.00327720231970406 0.00258976640163284 0.00273187851584054 0.00323789897831615 0.00251601966893087;0.00408632481095247 0.00257840218209916 0.00360795144695069 0.00327720231970406 0.0277533948798767 0.00332211090547208 0.00247038192546368 0.00357176948083351 0.0038148119545333;0.0030111200461394 0.00295563966712319 0.00242435021262802 0.00258976640163284 0.00332211090547208 0.0258661115700844 0.00266850144483441 0.00312196002108874 0.0025960334780229;0.00279829365673948 0.00250779555851514 0.00310124347528731 0.00273187851584054 0.00247038192546368 0.00266850144483441 0.0264294925352222 0.00305611613117203 0.00174764035893593;0.00488612000440236 0.00322131788897207 0.00303535462731918 0.00323789897831615 0.00357176948083351 0.00312196002108874 0.00305611613117203 0.0275904419292533 0.00401785980816078;0.00325218252854829 0.00287333950861751 0.00324537082392291 0.00251601966893087 0.0038148119545333 0.0025960334780229 0.00174764035893593 0.00401785980816078 0.026544134635382]intento: 18 tiempo: 0.021 [0.0255953205933894 0.00273197929028465 0.00296378708647189 0.00251511345879418 0.00234835555730443 0.00345342816110475 0.00247240238909159 0.00252522405646955 0.00332490754056804;0.00273197929028465 0.0251548351813442 0.00300586048926949 0.00277832955915411 0.0030607957654156 0.00296790418631811 0.00293053827260555 0.0034352386099371 0.00278938866179986;0.00296378708647189 0.00300586048926949 0.0239751426775226 0.00279126035727122 0.00317727143129163 0.00314161319274633 0.00235878288639803 0.00280939735183626 0.00285129706876517;0.00251511345879418 0.00277832955915411 0.00279126035727122 0.0254738358601981 0.00263151456160562 0.00239564329492474 0.00276807159712925 0.00318787392332725 0.00276103467535077;0.00234835555730443 0.0030607957654156 0.00317727143129163 0.00263151456160562 0.0258734985792449 0.00212479876803506 0.00249519264266974 0.00192000367026377 0.0024209770160528;0.00345342816110475 0.00296790418631811 0.00314161319274633 0.00239564329492474 0.00212479876803506 0.0250177967258347 0.00283109799394714 0.00313006221162853 0.00280099136646669;0.00247240238909159 0.00293053827260555 0.00235878288639803 0.00276807159712925 0.00249519264266974 0.00283109799394714 0.0251347201819604 0.00215887437927124 0.00202647477310897;0.00252522405646955 0.0034352386099371 0.00280939735183626 0.00318787392332725 0.00192000367026377 0.00313006221162853 0.00215887437927124 0.0249470472821717 0.00265183808532178;0.00332490754056804 0.00278938866179986 0.00285129706876517 0.00276103467535077 0.0024209770160528 0.00280099136646669 0.00202647477310897 0.00265183808532178 0.0251589198197008]intento: 20 tiempo: 0.021 [0.0253247182807964 0.00285522745366143 0.00253112723184701 0.0026641615553401 0.00300117925439722 0.00288060310278405 0.00288105427169814 0.002102599070229 0.00280506671307507;0.00285522745366143 0.0250545940032904 0.00259549927506923 0.00253012940727867 0.00323881655825656 0.00291722755918922 0.00314418889236813 0.00204093302739226 0.00255135911687532;0.00253112723184701 0.00259549927506923 0.0232804721777166 0.00209314389488099 0.00213232414848277 0.00211966797501634 0.00273430620218748 0.00248440978096086 0.00221763312703475;0.0026641615553401 0.00253012940727867 0.00209314389488099 0.0247978995398534 0.00208514474877147 0.00309532635213754 0.00306866858688327 0.00309301148093695 0.00236546633586768;0.00300117925439722 0.00323881655825656 0.00213232414848277 0.00208514474877147 0.024311182729628 0.00268736270648975 0.00257250641290547 0.00214571163812305 0.00354889358414254;0.00288060310278405 0.00291722755918922 0.00211966797501634 0.00309532635213754 0.00268736270648975 0.0247002000758152 0.00276110318577154 0.00211253656592053 0.00283761099190776;0.00288105427169814 0.00314418889236813 0.00273430620218748 0.00306866858688327 0.00257250641290547 0.00276110318577154 0.0241500049097143 0.00305409774503423 0.00298961144272098;0.002102599070229 0.00204093302739226 0.00248440978096086 0.00309301148093695 0.00214571163812305 0.00211253656592053 0.00305409774503423 0.0238008172292235 0.00261143587838806;0.00280506671307507 0.00255135911687532 0.00221763312703475 0.00236546633586768 0.00354889358414254 0.00283761099190776 0.00298961144272098 0.00261143587838806 0.0250047965335495]intento: 22 tiempo: 0.021 [0.0272760772243651 0.00241042159833235 0.00395929360727844 0.00326132869177459 0.00351679003302468 0.0029475460117819 0.00201851718895935 0.00434374272056816 0.00293054954797616;0.00241042159833235 0.0255367881347526 0.00298986081908602 0.00247943148971586 0.00264987227691202 0.00238989151517137 0.00315696676696181 0.0031968665369069 0.00237832730142205;0.00395929360727844 0.00298986081908602 0.0264979899000906 0.00309907946693295 0.00440769341754888 0.00272028506171561 0.00287977933274549 0.0036620771625034 0.00241592772405903;0.00326132869177459 0.00247943148971586 0.00309907946693295 0.025441839231102 0.00340163782633422 0.00320434259950934 0.00312849275935809 0.00388340948012108 0.00237691014787378;0.00351679003302468 0.00264987227691202 0.00440769341754888 0.00340163782633422 0.0278557432102801 0.00297538578386333 0.00331648039123893 0.00422514058550852 0.00369329920683682;0.0029475460117819 0.00238989151517137 0.00272028506171561 0.00320434259950934 0.00297538578386333 0.0264113115089915 0.00326880155902012 0.00382722815333265 0.00267315965310117;0.00201851718895935 0.00315696676696181 0.00287977933274549 0.00312849275935809 0.00331648039123893 0.00326880155902012 0.0275833058698521 0.00302567800459433 0.00204897172931112;0.00434374272056816 0.0031968665369069 0.0036620771625034 0.00388340948012108 0.00422514058550852 0.00382722815333265 0.00302567800459433 0.0270041573029748 0.00331719108545728;0.00293054954797616 0.00237832730142205 0.00241592772405903 0.00237691014787378 0.00369329920683682 0.00267315965310117 0.00204897172931112 0.00331719108545728 0.0254850202290077]intento: 24 tiempo: 0.022 [0.0242477842080423 0.0021290426953698 0.00261987595891079 0.00274234566821833 0.00213603400531625 0.0035300372661194 0.00297509755066919 0.00303996694932228 0.00264678260314373;0.0021290426953698 0.0238934734573228 0.00236321367198177 0.00196064792132673 0.00215503637882648 0.00255545815312185 0.00268533107459079 0.00271409042242864 0.00222532285633307;0.00261987595891079 0.00236321367198177 0.025243253766001 0.00275477360705406 0.00407454439657428 0.0033955424273939 0.00316347018187407 0.00310260547078531 0.00306124095749228;0.00274234566821833 0.00196064792132673 0.00275477360705406 0.0245816720859432 0.00302825383830282 0.00265589181731284 0.00315464030443295 0.00296234838603214 0.0030624303977937;0.00213603400531625 0.00215503637882648 0.00407454439657428 0.00302825383830282 0.0255075468973414 0.00297687858474294 0.00326553457207751 0.00212329716430503 0.00264330287909295;0.0035300372661194 0.00255545815312185 0.0033955424273939 0.00265589181731284 0.00297687858474294 0.0252672203903266 0.00331056936393388 0.00287716603121041 0.00283222805254421;0.00297509755066919 0.00268533107459079 0.00316347018187407 0.00315464030443295 0.00326553457207751 0.00331056936393388 0.0251406433790818 0.00283523552917231 0.00283707410101128;0.00303996694932228 0.00271409042242864 0.00310260547078531 0.00296234838603214 0.00212329716430503 0.00287716603121041 0.00283523552917231 0.0242564154862682 0.0026710628076651;0.00264678260314373 0.00222532285633307 0.00306124095749228 0.0030624303977937 0.00264330287909295 0.00283222805254421 0.00283707410101128 0.0026710628076651 0.0245056680859797]intento: 26 tiempo: 0.021 [0.0240355734609514 0.00265780671876379 0.00293960830224305 0.00240967086142796 0.00316583773630314 0.00273304786619241 0.00202805516714945 0.00246049493233948 0.00295927899850564;0.00265780671876379 0.0244905666135535 0.00284591797036373 0.00279015751324896 0.00249829963233992 0.00315881250717032 0.0034126641506819 0.00231229164876876 0.00348647827783452;0.00293960830224305 0.00284591797036373 0.0252436055886899 0.00240450847782674 0.00329175558858706 0.00275161448355121 0.00269110117487986 0.00258824438044354 0.0033087686606543;0.00240967086142796 0.00279015751324896 0.00240450847782674 0.02583328300188 0.00253196888520508 0.00308169305275586 0.00291379761898201 0.00241017460350059 0.00283606360468804;0.00316583773630314 0.00249829963233992 0.00329175558858706 0.00253196888520508 0.0248061462879407 0.00230424978415799 0.00315813640586349 0.0024737410047001 0.00267016886224878;0.00273304786619241 0.00315881250717032 0.00275161448355121 0.00308169305275586 0.00230424978415799 0.0260816897571728 0.00327089483215193 0.00298093070623116 0.0030497244369459;0.00202805516714945 0.0034126641506819 0.00269110117487986 0.00291379761898201 0.00315813640586349 0.00327089483215193 0.0251576449598391 0.00236642840503282 0.00260077023381739;0.00246049493233948 0.00231229164876876 0.00258824438044354 0.00241017460350059 0.0024737410047001 0.00298093070623116 0.00236642840503282 0.023932233514723 0.00233336695128462;0.00295927899850564 0.00348647827783452 0.0033087686606543 0.00283606360468804 0.00267016886224878 0.0030497244369459 0.00260077023381739 0.00233336695128462 0.0259946749824201]intento: 28 tiempo: 0.021 [0.024674970827911 0.00139750402233094 0.00206304074849831 0.0025058650188374 0.00304331247943577 0.00254976284889218 0.00258083775540517 0.00256544083079508 0.00256568586448716;0.00139750402233094 0.022554047522647 0.00248740228395267 0.0027797422199053 0.00227839675189275 0.0020551000014729 0.00236834896034402 0.00200542037751349 0.00159296463148907;0.00206304074849831 0.00248740228395267 0.0242406263784715 0.0030562465944617 0.00268004756719304 0.00235197934289911 0.00329812423827093 0.00278882438184313 0.002272111011956;0.0025058650188374 0.0027797422199053 0.0030562465944617 0.0243156812339116 0.00260976897897059 0.00345219899755852 0.00298051554785415 0.00298345146503771 0.00247802500068381;0.00304331247943577 0.00227839675189275 0.00268004756719304 0.00260976897897059 0.0235429944712125 0.00344615538995716 0.00273149792886888 0.00309375264242134 0.00236657400544472;0.00254976284889218 0.0020551000014729 0.00235197934289911 0.00345219899755852 0.00344615538995716 0.0238848285131229 0.0031920485985461 0.00321200066627905 0.00254194345863913;0.00258083775540517 0.00236834896034402 0.00329812423827093 0.00298051554785415 0.00273149792886888 0.0031920485985461 0.0234635631420205 0.00286604835924764 0.00203294750170871;0.00256544083079508 0.00200542037751349 0.00278882438184313 0.00298345146503771 0.00309375264242134 0.00321200066627905 0.00286604835924764 0.0236429185196861 0.00278154380033042;0.00256568586448716 0.00159296463148907 0.002272111011956 0.00247802500068381 0.00236657400544472 0.00254194345863913 0.00203294750170871 0.00278154380033042 0.0236738601638171]intento: 30 tiempo: 0.021 [0.0240128355637657 0.00262974592053513 0.00295516906274626 0.00209268004230993 0.00244654641814353 0.00293900760169749 0.00305205463913915 0.00273707135544999 0.0021867086420034;0.00262974592053513 0.0235889680483322 0.00226713060068629 0.00140505286623319 0.0025381056912568 0.00269832412353701 0.00259597089046365 0.00307570056553164 0.00226586773190105;0.00295516906274626 0.00226713060068629 0.0243294549413864 0.0022801340370381 0.00366723252788299 0.00247196811824263 0.00273968428559876 0.00350908752382984 0.00317853796341682;0.00209268004230993 0.00140505286623319 0.0022801340370381 0.0226324972143218 0.00171789543821752 0.0020389928044819 0.00225942520334955 0.00215048749480712 0.00270625873007789;0.00244654641814353 0.0025381056912568 0.00366723252788299 0.00171789543821752 0.0239507689949596 0.00297844910857429 0.00284088054086964 0.00318021981700871 0.00258191981321515;0.00293900760169749 0.00269832412353701 0.00247196811824263 0.0020389928044819 0.00297844910857429 0.0234526540129115 0.00327601394878314 0.00285469962388639 0.00285939186711056;0.00305205463913915 0.00259597089046365 0.00273968428559876 0.00225942520334955 0.00284088054086964 0.00327601394878314 0.0246766960300089 0.0038753667868918 0.00239038591574947;0.00273707135544999 0.00307570056553164 0.00350908752382984 0.00215048749480712 0.00318021981700871 0.00285469962388639 0.0038753667868918 0.0255436926785595 0.00302370386618987;0.0021867086420034 0.00226586773190105 0.00317853796341682 0.00270625873007789 0.00258191981321515 0.00285939186711056 0.00239038591574947 0.00302370386618987 0.0247261977204163]intento: 32 tiempo: 0.021 [0.0229443143077337 0.00269399498095413 0.00277861547708999 0.00280333303637909 0.00272605780519629 0.00250812927684269 0.00291299798115866 0.00230440716617114 0.00284047351938354;0.00269399498095413 0.0246072535067261 0.00329511758809892 0.00270824116270272 0.00242123541681673 0.00252823534421483 0.00245451920701271 0.00226011379760846 0.00304505222139223;0.00277861547708999 0.00329511758809892 0.0230887660968532 0.00281488372959983 0.00274461725679366 0.00246326663234176 0.0024023419527404 0.00222206923109231 0.00263124013854354;0.00280333303637909 0.00270824116270272 0.00281488372959983 0.0239549492438578 0.00228395490383787 0.00243683581568196 0.00304452620081331 0.00240626631192918 0.00323395786108223;0.00272605780519629 0.00242123541681673 0.00274461725679366 0.00228395490383787 0.0229624109285338 0.00285362036874691 0.00210386470732395 0.00285384246649195 0.00287180089564157;0.00250812927684269 0.00252823534421483 0.00246326663234176 0.00243683581568196 0.00285362036874691 0.0243686006453288 0.00211313765462875 0.00222242813137684 0.00256086719985355;0.00291299798115866 0.00245451920701271 0.0024023419527404 0.00304452620081331 0.00210386470732395 0.00211313765462875 0.0231039024612803 0.00272225633435512 0.00254719055751929;0.00230440716617114 0.00226011379760846 0.00222206923109231 0.00240626631192918 0.00285384246649195 0.00222242813137684 0.00272225633435512 0.0236621428461533 0.00283648884748206;0.00284047351938354 0.00304505222139223 0.00263124013854354 0.00323395786108223 0.00287180089564157 0.00256086719985355 0.00254719055751929 0.00283648884748206 0.024598110582816]intento: 34 tiempo: 0.021 [0.0228032960435287 0.00242829295605822 0.00352055398461544 0.0022153104380382 0.00256073068793597 0.0026517468096276 0.00235673360289461 0.00255726259951269 0.00228236555669177;0.00242829295605822 0.0236726962136035 0.00281334117147072 0.00199070251149476 0.0023231650936185 0.00300199819735851 0.00256407529265272 0.00241013670789339 0.00245908021723024;0.00352055398461544 0.00281334117147072 0.025359360996082 0.00283695922481002 0.00294267815742445 0.00336474954156579 0.00335972017862562 0.0030373055965585 0.00292099339512117;0.0022153104380382 0.00199070251149476 0.00283695922481002 0.0239714090156296 0.00284230219049529 0.00200036436739559 0.00270264975028453 0.00239785088731653 0.0021647789142843;0.00256073068793597 0.0023231650936185 0.00294267815742445 0.00284230219049529 0.0247075793124925 0.00302304599804413 0.00226081047881588 0.00289632943109326 0.00264715863685535;0.0026517468096276 0.00300199819735851 0.00336474954156579 0.00200036436739559 0.00302304599804413 0.0248942039214127 0.00245872786577354 0.00230046580611643 0.00235033463882654;0.00235673360289461 0.00256407529265272 0.00335972017862562 0.00270264975028453 0.00226081047881588 0.00245872786577354 0.0234533769826182 0.00229460467172876 0.00235434833190539;0.00255726259951269 0.00241013670789339 0.0030373055965585 0.00239785088731653 0.00289632943109326 0.00230046580611643 0.00229460467172876 0.0240253414301443 0.00266421256466418;0.00228236555669177 0.00245908021723024 0.00292099339512117 0.0021647789142843 0.00264715863685535 0.00235033463882654 0.00235434833190539 0.00266421256466418 0.0228148017571591]intento: 36 tiempo: 0.021 [0.0232264584926264 0.00242095235303263 0.00291704485756986 0.00270570526425091 0.00300929302380859 0.00310390548852035 0.00272659823164529 0.00306021527676699 0.00215156235782897;0.00242095235303263 0.0228036634190837 0.00185867241872909 0.00194703480871996 0.00228619241327586 0.00248536600344835 0.00199406951259265 0.00253090355269909 0.0018645241026776;0.00291704485756986 0.00185867241872909 0.0230141134002632 0.00290188262568456 0.00267263379538608 0.00243258546044754 0.00257831979477995 0.00261503017489735 0.00288537900887284;0.00270570526425091 0.00194703480871996 0.00290188262568456 0.0232012708743537 0.00262582290886871 0.00214930097942213 0.00242377661971005 0.0021002074687346 0.00186574311420887;0.00300929302380859 0.00228619241327586 0.00267263379538608 0.00262582290886871 0.0236852161895221 0.00237239615811976 0.00223936908103563 0.0025437897677396 0.00163734882078355;0.00310390548852035 0.00248536600344835 0.00243258546044754 0.00214930097942213 0.00237239615811976 0.0239812307210295 0.00259824988327028 0.00326188107378549 0.00236158756627194;0.00272659823164529 0.00199406951259265 0.00257831979477995 0.00242377661971005 0.00223936908103563 0.00259824988327028 0.0221785692662145 0.00226553468311008 0.0023502569240427;0.00306021527676699 0.00253090355269909 0.00261503017489735 0.0021002074687346 0.0025437897677396 0.00326188107378549 0.00226553468311008 0.0240554192248493 0.00259391606017748;0.00215156235782897 0.0018645241026776 0.00288537900887284 0.00186574311420887 0.00163734882078355 0.00236158756627194 0.0023502569240427 0.00259391606017748 0.0228877537291582]intento: 38 tiempo: 0.022 [0.0235500703834124 0.0023351874507422 0.00278465606816748 0.00355008354804313 0.0026344778393593 0.00260136136435585 0.00301390117774908 0.00190002319319311 0.00284270350443703;0.0023351874507422 0.0228173198701484 0.00222569839957583 0.00261127486597198 0.00198759977684221 0.00226086585520182 0.00190252820120438 0.00228172296483181 0.00213592470449212;0.00278465606816748 0.00222569839957583 0.0236291117027137 0.00332694362583266 0.00259112145473676 0.00255838314311953 0.00214512983073525 0.00293574384357339 0.00240935490119045;0.00355008354804313 0.00261127486597198 0.00332694362583266 0.0238344929829493 0.00312591582883692 0.00260724277963418 0.00323636040439404 0.00303245098402547 0.00216999127267722;0.0026344778393593 0.00198759977684221 0.00259112145473676 0.00312591582883692 0.0238453181644142 0.00233920000868814 0.00245918200796788 0.00208402271531288 0.00217038267479804;0.00260136136435585 0.00226086585520182 0.00255838314311953 0.00260724277963418 0.00233920000868814 0.0238412162576318 0.00257392759212184 0.00204948550741878 0.0028988094765955;0.00301390117774908 0.00190252820120438 0.00214512983073525 0.00323636040439404 0.00245918200796788 0.00257392759212184 0.0236576555013822 0.00279306914826089 0.00269637801290721;0.00190002319319311 0.00228172296483181 0.00293574384357339 0.00303245098402547 0.00208402271531288 0.00204948550741878 0.00279306914826089 0.0225299185026289 0.00194934319008902;0.00284270350443703 0.00213592470449212 0.00240935490119045 0.00216999127267722 0.00217038267479804 0.0028988094765955 0.00269637801290721 0.00194934319008902 0.0226609203612065]intento: 40 tiempo: 0.021 [0.0290371056014229 0.0037501986957271 0.00336275034745887 0.00306700746508192 0.00381741021659341 0.00403485855879281 0.0038990589204034 0.00384127325437031 0.00334457502201598;0.0037501986957271 0.0278401063466028 0.00303983886183543 0.00313780126790781 0.0030667235908822 0.00327034423896826 0.00370247423884 0.00229165294225507 0.00317423868153391;0.00336275034745887 0.00303983886183543 0.027220748374148 0.00228393566179351 0.00331262791945739 0.00294686969119625 0.00258046011738682 0.00358303024013524 0.00315948062540778;0.00306700746508192 0.00313780126790781 0.00228393566179351 0.0277403556941978 0.00186401432746504 0.00326307943186925 0.00285953607450199 0.00222148180222944 0.00291382940783299;0.00381741021659341 0.0030667235908822 0.00331262791945739 0.00186401432746504 0.0283659616559445 0.00293393434834568 0.003540549803503 0.00331560854259199 0.0035405615067888;0.00403485855879281 0.00327034423896826 0.00294686969119625 0.00326307943186925 0.00293393434834568 0.0285472903700665 0.00436022370795042 0.00384407714161195 0.00376658608617093;0.0038990589204034 0.00370247423884 0.00258046011738682 0.00285953607450199 0.003540549803503 0.00436022370795042 0.0276541821378144 0.00418742058183981 0.00303225008948133;0.00384127325437031 0.00229165294225507 0.00358303024013524 0.00222148180222944 0.00331560854259199 0.00384407714161195 0.00418742058183981 0.028643015354301 0.00346119688370318;0.00334457502201598 0.00317423868153391 0.00315948062540778 0.00291382940783299 0.0035405615067888 0.00376658608617093 0.00303225008948133 0.00346119688370318 0.0287840094289434]intento: 42 tiempo: 0.021 [0.0250003594502173 0.00322926860313939 0.00260273724155759 0.00261821154468486 0.00303598108227805 0.00285160898650026 0.00285922985588099 0.00225438514299905 0.00277003505720322;0.00322926860313939 0.0242936672451917 0.00254371242156569 0.00318272218437265 0.00303900072227845 0.00244001830364239 0.00234927906143495 0.00327843017557678 0.00180679313979587;0.00260273724155759 0.00254371242156569 0.0243175286164738 0.00308570511757583 0.00322829690419049 0.00247681484910253 0.00266651055696793 0.0031779921511819 0.00232020200683806;0.00261821154468486 0.00318272218437265 0.00308570511757583 0.0250247762919419 0.00253600857952898 0.00284106649561983 0.00270886697157597 0.00306686888944489 0.00235944119674701;0.00303598108227805 0.00303900072227845 0.00322829690419049 0.00253600857952898 0.024495854508133 0.00271359075961402 0.00265314349990119 0.00289302254416632 0.00286613122356595;0.00285160898650026 0.00244001830364239 0.00247681484910253 0.00284106649561983 0.00271359075961402 0.0244390005524138 0.00210146827930869 0.00241862369582643 0.00229533130256912;0.00285922985588099 0.00234927906143495 0.00266651055696793 0.00270886697157597 0.00265314349990119 0.00210146827930869 0.0246796182040037 0.00266284401726887 0.00190835203203916;0.00225438514299905 0.00327843017557678 0.0031779921511819 0.00306686888944489 0.00289302254416632 0.00241862369582643 0.00266284401726887 0.0248226407969328 0.0027326137176171;0.00277003505720322 0.00180679313979587 0.00232020200683806 0.00235944119674701 0.00286613122356595 0.00229533130256912 0.00190835203203916 0.0027326137176171 0.0233541109754071]intento: 44 tiempo: 0.021 [0.0279947430272521 0.00291390113388863 0.00350285650854816 0.00303965284058813 0.00241871548713751 0.00278781775386888 0.00350406515445254 0.00383686761812339 0.00297288105084564;0.00291390113388863 0.0267324850298914 0.00293091743248367 0.00250886518652434 0.00304543176677018 0.00302762874033109 0.00319596184385008 0.00404251469093721 0.00338542030149729;0.00350285650854816 0.00293091743248367 0.0288729484779513 0.00298967925378242 0.00277615166034847 0.00396871254644111 0.00356484518197863 0.0044440023311962 0.00332421548494435;0.00303965284058813 0.00250886518652434 0.00298967925378242 0.0278235546395857 0.00257438607624673 0.00255725112922294 0.00304807918493993 0.00333526153228311 0.00332856165041588;0.00241871548713751 0.00304543176677018 0.00277615166034847 0.00257438607624673 0.0275847839596294 0.00303228749743129 0.00348061614630959 0.00384003283693898 0.00345963487999521;0.00278781775386888 0.00302762874033109 0.00396871254644111 0.00255725112922294 0.00303228749743129 0.0278635191684247 0.00330077982832716 0.00331524658907948 0.00330997366318845;0.00350406515445254 0.00319596184385008 0.00356484518197863 0.00304807918493993 0.00348061614630959 0.00330077982832716 0.0281847406647985 0.00429439560674477 0.00463753722599135;0.00383686761812339 0.00404251469093721 0.0044440023311962 0.00333526153228311 0.00384003283693898 0.00331524658907948 0.00429439560674477 0.0277260843356836 0.00405242896326577;0.00297288105084564 0.00338542030149729 0.00332421548494435 0.00332856165041588 0.00345963487999521 0.00330997366318845 0.00463753722599135 0.00405242896326577 0.027555862443771]intento: 46 tiempo: 0.02 [0.0233878862961098 0.00225039817940962 0.00326095577975803 0.00343503932339045 0.00216572215023165 0.00261514940647727 0.00253504891721897 0.00308041149282993 0.00182534457436884;0.00225039817940962 0.0244374155633702 0.00343845876901234 0.00272110437010752 0.00286915929108011 0.00168176461047757 0.0019708352126564 0.00212259670520718 0.00237333097089773;0.00326095577975803 0.00343845876901234 0.0244032767296164 0.00346972584502614 0.00262202220724762 0.00278980557192873 0.00232347206601404 0.00271887346327503 0.00301186276388444;0.00343503932339045 0.00272110437010752 0.00346972584502614 0.0258465648642646 0.00366806613320377 0.00292347438272874 0.00312435203343871 0.00279340140168271 0.00320253563623863;0.00216572215023165 0.00286915929108011 0.00262202220724762 0.00366806613320377 0.0242151622650021 0.00199453951965624 0.00273761379461643 0.00149124573197012 0.0028986353441277;0.00261514940647727 0.00168176461047757 0.00278980557192873 0.00292347438272874 0.00199453951965624 0.0237758452185068 0.00260689623275716 0.00268787827991793 0.00201326796141851;0.00253504891721897 0.0019708352126564 0.00232347206601404 0.00312435203343871 0.00273761379461643 0.00260689623275716 0.0236616460274485 0.00185460168293637 0.0025853374662789;0.00308041149282993 0.00212259670520718 0.00271887346327503 0.00279340140168271 0.00149124573197012 0.00268787827991793 0.00185460168293637 0.0239908315886053 0.00257330624237362;0.00182534457436884 0.00237333097089773 0.00301186276388444 0.00320253563623863 0.0028986353441277 0.00201326796141851 0.0025853374662789 0.00257330624237362 0.0237461924892207]intento: 48 tiempo: 0.023 [0.0274645678642525 0.00277498616162812 0.00306417023317255 0.00320545881688141 0.00241948318278717 0.00339074007946563 0.00263663611241737 0.00354831784371493 0.00240759429770886;0.00277498616162812 0.0269039590668578 0.00349030604447052 0.0031874581176402 0.00444539296765625 0.00291853478926498 0.00289016999972895 0.00322504005477863 0.00422254514274332;0.00306417023317255 0.00349030604447052 0.0277179708496249 0.00377239908878221 0.00399919294345119 0.00480100883759325 0.00269616377277311 0.00339300096376093 0.00299243913546178;0.00320545881688141 0.0031874581176402 0.00377239908878221 0.0275006593411783 0.00259018892271845 0.00350366661896509 0.00352550010942721 0.0034768700819357 0.00285117711002326;0.00241948318278717 0.00444539296765625 0.00399919294345119 0.00259018892271845 0.0285519701152699 0.00346698374955879 0.00247320187624855 0.0036790056043461 0.00344644739207647;0.00339074007946563 0.00291853478926498 0.00480100883759325 0.00350366661896509 0.00346698374955879 0.0290594768975078 0.00238642107412144 0.00365936884722771 0.0031745986744695;0.00263663611241737 0.00289016999972895 0.00269616377277311 0.00352550010942721 0.00247320187624855 0.00238642107412144 0.0259771345056977 0.00301520000026615 0.00311295971103165;0.00354831784371493 0.00322504005477863 0.00339300096376093 0.0034768700819357 0.0036790056043461 0.00365936884722771 0.00301520000026615 0.0283063787271108 0.00333561937702026;0.00240759429770886 0.00422254514274332 0.00299243913546178 0.00285117711002326 0.00344644739207647 0.0031745986744695 0.00311295971103165 0.00333561937702026 0.0275666132226184]intento: 50 tiempo: 0.022 [0.0244542547641527 0.00288527105007427 0.00204867841862717 0.00253427873547881 0.00317044963523549 0.00319738820516671 0.00293777104785574 0.00244828689177679 0.00287164063005706;0.00288527105007427 0.0249958269067492 0.0025365404012591 0.00242695542945719 0.00301686961899179 0.00291042305031105 0.00299099323985056 0.00357752481959917 0.00254754862017551;0.00204867841862717 0.0025365404012591 0.0243845941606196 0.0026505700773886 0.0029955019057704 0.00251711179538822 0.00228692842942788 0.00236328331513153 0.00274579862755634;0.00253427873547881 0.00242695542945719 0.0026505700773886 0.0240668544790124 0.00280665608427064 0.00269669484183552 0.00209678092713921 0.00230133506664062 0.00294146761508906;0.00317044963523549 0.00301686961899179 0.0029955019057704 0.00280665608427064 0.0243501654902641 0.00337019934494319 0.0028963547780